ID,FIELD-0000,FIELD-0001,FIELD-0002
EC-01,2324349,1140472,1183877
EC-01A,121603,60430,61173
EC-01B,201654,102368,99286
EC-01C,89855,47755,42100
EC-01D,93290,44867,48423
EC-01E,54912,26038,28874
EC-01F,88962,43201,45761
EC-01G,95506,46786,48720
EC-01H,191687,94125,97562
EC-01I,107925,51992,55933
EC-01J,252041,123572,128469
EC-01K,179074,87248,91826
EC-01L,237905,116728,121177
EC-01M,196423,94117,102306
EC-01N,245232,118922,126310
EC-01O,168280,82323,85957
EC-02,2304833,1116893,1187940
EC-02A,175525,84426,91099
EC-02B,142136,68600,73536
EC-02C,235291,112803,122488
EC-02D,144506,70089,74417
EC-02E,164580,79185,85395
EC-02F,178331,85959,92372
EC-02G,179565,86489,93076
EC-02H,197667,95570,102097
EC-02I,201521,97574,103947
EC-02J,207782,101389,106393
EC-02K,154005,75233,78772
EC-02L,186585,92115,94470
EC-02M,137339,67461,69878
EC-03,1221948,591284,630664
EC-03A,182285,87110,95175
EC-03B,161412,78304,83108
EC-03C,167260,81222,86038
EC-03D,98981,47905,51076
EC-03E,145246,70101,75145
EC-03F,159697,77267,82430
EC-03G,164969,80599,84370
EC-03H,142098,68776,73322
EC-04,1375382,655791,719591
EC-04A,67628,32457,35171
EC-04B,209488,99034,110454
EC-04C,115019,54133,60886
EC-04D,74388,36508,37880
EC-04E,61034,28852,32182
EC-04F,127070,60589,66481
EC-04G,58188,28030,30158
EC-04H,62544,29797,32747
EC-04I,96017,46487,49530
EC-04J,106027,50921,55106
EC-04K,110905,53554,57351
EC-04L,80187,38586,41601
EC-04M,206887,96843,110044
EC-05,484531,233657,250874
EC-05A,171913,83948,87965
EC-05B,88131,43311,44820
EC-05C,105106,50046,55060
EC-05D,119381,56352,63029
EC-06,711644,340347,371297
EC-06A,417817,199786,218031
EC-06B,101180,48527,52653
EC-06C,88528,42156,46372
EC-06D,104119,49878,54241
EC-07,1063334,509902,553432
EC-07A,67432,31977,35455
EC-07B,78716,37563,41153
EC-07C,91845,44163,47682
EC-07D,114701,55152,59549
EC-07E,96823,47630,49193
EC-07F,174783,83866,90917
EC-07G,101909,49104,52805
EC-07H,101749,48796,52953
EC-07I,128107,60769,67338
EC-07J,107269,50882,56387
EC-08,814048,389902,424146
EC-08A,114441,55951,58490
EC-08B,141069,67919,73150
EC-08C,120072,57400,62672
EC-08D,94795,45130,49665
EC-08E,102925,48861,54064
EC-08F,115805,54810,60995
EC-08G,124941,59831,65110
EC-09,599903,294736,305167
EC-09A,130611,63042,67569
EC-09B,75010,35712,39298
EC-09C,193751,94798,98953
EC-09D,200531,101184,99347
EC-10,697392,329956,367436
EC-10A,40018,18882,21136
EC-10B,46438,21794,24644
EC-10C,82534,38742,43792
EC-10D,52269,24534,27735
EC-10E,73225,34410,38815
EC-10F,45730,21210,24520
EC-10G,60331,28578,31753
EC-10H,64704,30483,34221
EC-10I,68142,31624,36518
EC-10J,50491,23916,26575
EC-10K,113510,55783,57727
EC-11,363923,180804,183119
EC-11A,99570,50053,49517
EC-11B,172115,84715,87400
EC-11C,92238,46036,46202
EC-12,526567,250676,275891
EC-12A,118925,57723,61202
EC-12B,128610,61456,67154
EC-12C,279032,131497,147535
EC-13,649402,314352,335050
EC-13A,201450,99825,101625
EC-13B,132741,63522,69219
EC-13C,143093,67880,75213
EC-13D,172118,83125,88993
EC-14,379541,187472,192069
EC-14A,192215,95667,96548
EC-14B,130705,64043,66662
EC-14C,56621,27762,28859
EC-15,1618465,777201,841264
EC-15A,112271,54572,57699
EC-15B,119583,57746,61837
EC-15C,156502,75720,80782
EC-15D,125446,59917,65529
EC-15E,61425,29810,31615
EC-15F,96128,46361,49767
EC-15G,114580,54854,59726
EC-15H,124225,59466,64759
EC-15I,131378,62746,68632
EC-15J,119946,57924,62022
EC-15K,135712,64649,71063
EC-15L,167651,80224,87427
EC-15M,64904,30964,33940
EC-15N,88714,42248,46466
EC-16,762396,368971,393425
EC-16A,186308,91660,94648
EC-16B,100650,49440,51210
EC-16C,231705,111402,120303
EC-16D,113223,54021,59202
EC-16E,130510,62448,68062
EC-17,860575,420100,440475
EC-17A,92229,45034,47195
EC-17B,124321,60668,63653
EC-17C,98005,48183,49822
EC-17D,72353,35657,36696
EC-17E,168529,82032,86497
EC-17F,196313,94908,101405
EC-17G,108825,53618,55207
EC-18,406088,200780,205308
EC-18A,108204,53166,55038
EC-18B,102027,49793,52234
EC-18C,195857,97821,98036
EC-19,815405,391948,423457
EC-19A,127394,62439,64955
EC-19B,65365,31414,33951
EC-19C,80188,37766,42422
EC-19D,75042,35179,39863
EC-19E,90571,42925,47646
EC-19F,77998,37722,40276
EC-19G,100808,49010,51798
EC-19H,110683,53072,57611
EC-19I,87356,42421,44935
EC-20,451058,224168,226890
EC-20A,107448,51894,55554
EC-20B,143663,71445,72218
EC-20C,199947,100829,99118
EC-21,1088007,536401,551606
EC-21A,199098,98491,100607
EC-21B,120212,59039,61173
EC-21C,89469,44351,45118
EC-21D,141040,68451,72589
EC-21E,134039,65806,68233
EC-21F,141281,70095,71186
EC-21G,82201,41107,41094
EC-21H,180667,89061,91606
EC-22,840648,400820,439828
EC-22A,113056,54179,58877
EC-22B,74490,35581,38909
EC-22C,90854,43127,47727
EC-22D,82769,38929,43840
EC-22E,111727,52665,59062
EC-22F,68464,32163,36301
EC-22G,108191,51939,56252
EC-22H,63913,30654,33259
EC-22I,127184,61583,65601
LK,20359439,9856633,10502806
LK-1,5851130,2848649,3002481
LK-11,2324349,1140472,1183877
LK-1103,323257,162798,160459
LK-1103005,7829,4017,3812
LK-1103010,28003,14029,13974
LK-1103015,17757,8794,8963
LK-1103020,12970,6505,6465
LK-1103025,8809,4367,4442
LK-1103030,13625,6602,7023
LK-1103035,12423,6352,6071
LK-1103040,13802,6740,7062
LK-1103045,6385,3024,3361
LK-1103050,9409,4617,4792
LK-1103055,9339,5005,4334
LK-1103060,8110,3901,4209
LK-1103065,8516,4303,4213
LK-1103070,13436,6753,6683
LK-1103075,17588,8739,8849
LK-1103080,8904,4433,4471
LK-1103085,6821,3459,3362
LK-1103090,11524,5774,5750
LK-1103095,13683,6907,6776
LK-1103100,10053,4987,5066
LK-1103105,7517,3914,3603
LK-1103110,7746,4062,3684
LK-1103115,1924,1854,70
LK-1103120,1473,1065,408
LK-1103125,3789,1880,1909
LK-1103130,3795,1868,1927
LK-1103135,6883,3335,3548
LK-1103140,3915,2007,1908
LK-1103145,7221,3637,3584
LK-1103150,8467,4195,4272
LK-1103155,8968,4363,4605
LK-1103160,8526,4530,3996
LK-1103165,4591,2424,2167
LK-1103170,2617,1027,1590
LK-1103175,6839,3329,3510
LK-1106,191687,94125,97562
LK-1106005,7606,3783,3823
LK-1106010,6934,3501,3433
LK-1106015,2308,1144,1164
LK-1106020,5083,2509,2574
LK-1106025,2119,986,1133
LK-1106030,5900,3017,2883
LK-1106035,8432,4236,4196
LK-1106040,4671,2374,2297
LK-1106045,5761,2884,2877
LK-1106050,7611,3676,3935
LK-1106055,3703,1787,1916
LK-1106060,4649,2242,2407
LK-1106065,4040,1976,2064
LK-1106070,2767,1421,1346
LK-1106075,4439,2255,2184
LK-1106080,3283,1601,1682
LK-1106085,3535,1711,1824
LK-1106090,3349,1633,1716
LK-1106095,4103,2016,2087
LK-1106100,2244,1131,1113
LK-1106105,3603,1767,1836
LK-1106110,2342,1170,1172
LK-1106115,5867,2867,3000
LK-1106120,4078,1982,2096
LK-1106125,10149,4975,5174
LK-1106130,3221,1564,1657
LK-1106135,4715,2296,2419
LK-1106140,2946,1401,1545
LK-1106145,4935,2382,2553
LK-1106150,5096,2467,2629
LK-1106155,2643,1325,1318
LK-1106160,2083,973,1110
LK-1106165,6442,2908,3534
LK-1106170,2408,1148,1260
LK-1106175,3879,1902,1977
LK-1106180,3344,1649,1695
LK-1106185,4044,2080,1964
LK-1106190,1944,939,1005
LK-1106195,2567,1244,1323
LK-1106200,2580,1241,1339
LK-1106205,5213,2494,2719
LK-1106210,3173,1536,1637
LK-1106215,2533,1243,1290
LK-1106220,3761,1941,1820
LK-1106225,2181,1097,1084
LK-1106230,3403,1651,1752
LK-1109,252041,123572,128469
LK-1109005,4997,2405,2592
LK-1109010,4030,1930,2100
LK-1109015,4165,2064,2101
LK-1109020,4342,2261,2081
LK-1109025,4224,2103,2121
LK-1109030,4261,2041,2220
LK-1109035,3863,1898,1965
LK-1109040,5530,2748,2782
LK-1109045,4878,2456,2422
LK-1109050,2099,1043,1056
LK-1109055,6091,3090,3001
LK-1109060,5495,2684,2811
LK-1109065,3131,1554,1577
LK-1109070,7680,3882,3798
LK-1109075,4405,2284,2121
LK-1109080,9178,4443,4735
LK-1109085,2871,1320,1551
LK-1109090,1913,863,1050
LK-1109095,4842,2437,2405
LK-1109100,2105,1029,1076
LK-1109105,1876,942,934
LK-1109110,2623,1307,1316
LK-1109115,6922,3298,3624
LK-1109120,5133,2576,2557
LK-1109125,5958,2923,3035
LK-1109130,5141,2509,2632
LK-1109135,3777,1822,1955
LK-1109140,2793,1337,1456
LK-1109145,6734,3275,3459
LK-1109150,9250,4524,4726
LK-1109155,8518,4102,4416
LK-1109160,4287,2041,2246
LK-1109165,3087,1544,1543
LK-1109170,2568,1314,1254
LK-1109175,2465,1171,1294
LK-1109180,2001,979,1022
LK-1109185,7582,3761,3821
LK-1109190,7422,3572,3850
LK-1109195,6238,3116,3122
LK-1109200,4501,2165,2336
LK-1109205,5799,2783,3016
LK-1109210,3027,1458,1569
LK-1109215,3149,1553,1596
LK-1109220,5113,2548,2565
LK-1109225,5512,2784,2728
LK-1109230,2607,1245,1362
LK-1109235,5076,2480,2596
LK-1109240,2208,1035,1173
LK-1109245,2354,1162,1192
LK-1109250,3057,1452,1605
LK-1109255,1580,736,844
LK-1109260,2014,1005,1009
LK-1109265,4442,2109,2333
LK-1109270,3136,1532,1604
LK-1109275,4725,2306,2419
LK-1109280,5548,2737,2811
LK-1109285,3718,1834,1884
LK-1112,237905,116728,121177
LK-1112005,7292,3581,3711
LK-1112010,1484,763,721
LK-1112015,1501,728,773
LK-1112020,1921,958,963
LK-1112025,1771,845,926
LK-1112030,1654,816,838
LK-1112035,3005,1481,1524
LK-1112040,3022,1558,1464
LK-1112045,2723,1356,1367
LK-1112050,1256,592,664
LK-1112055,3142,1515,1627
LK-1112060,2406,1167,1239
LK-1112065,1755,838,917
LK-1112070,6703,3272,3431
LK-1112075,3060,1502,1558
LK-1112080,4725,2424,2301
LK-1112085,4165,2065,2100
LK-1112090,2105,1040,1065
LK-1112095,1403,720,683
LK-1112100,3070,1505,1565
LK-1112105,1400,1033,367
LK-1112110,3064,1491,1573
LK-1112115,1800,931,869
LK-1112120,3240,1588,1652
LK-1112125,3128,1583,1545
LK-1112130,3525,1687,1838
LK-1112135,2873,1568,1305
LK-1112140,2207,1040,1167
LK-1112145,3062,1595,1467
LK-1112150,3154,1527,1627
LK-1112155,3867,1828,2039
LK-1112160,2035,1006,1029
LK-1112165,6457,3111,3346
LK-1112170,4701,2325,2376
LK-1112175,2771,1309,1462
LK-1112180,3332,1585,1747
LK-1112185,2472,1217,1255
LK-1112190,4223,2119,2104
LK-1112195,3360,1630,1730
LK-1112200,3845,1738,2107
LK-1112205,4467,2179,2288
LK-1112210,2983,1467,1516
LK-1112215,1581,768,813
LK-1112220,2429,1156,1273
LK-1112225,2452,1183,1269
LK-1112230,4931,2333,2598
LK-1112235,1894,834,1060
LK-1112240,3594,1806,1788
LK-1112245,4655,2389,2266
LK-1112250,3278,1582,1696
LK-1112255,2502,1203,1299
LK-1112260,4039,1965,2074
LK-1112265,3192,1570,1622
LK-1112270,2679,1293,1386
LK-1112275,3762,1858,1904
LK-1112280,2127,1046,1081
LK-1112285,2888,1378,1510
LK-1112290,3981,1961,2020
LK-1112295,1529,749,780
LK-1112300,1942,933,1009
LK-1112305,3189,1554,1635
LK-1112310,2968,1385,1583
LK-1112315,4087,2067,2020
LK-1112320,3087,1535,1552
LK-1112325,2129,1034,1095
LK-1112330,1843,888,955
LK-1112335,1695,813,882
LK-1112340,3225,1569,1656
LK-1112345,2850,1368,1482
LK-1112350,2091,994,1097
LK-1112355,2497,1264,1233
LK-1112360,3189,1556,1633
LK-1112365,2681,1265,1416
LK-1112370,2131,998,1133
LK-1112375,3073,1502,1571
LK-1112380,1315,623,692
LK-1112385,1977,966,1011
LK-1112390,2044,986,1058
LK-1112395,954,496,458
LK-1112400,2418,1178,1240
LK-1112405,4878,2397,2481
LK-1115,113807,55359,58448
LK-1115005,1700,813,887
LK-1115010,1799,865,934
LK-1115015,1080,519,561
LK-1115020,598,279,319
LK-1115025,2048,980,1068
LK-1115030,3356,1694,1662
LK-1115035,1689,788,901
LK-1115040,815,405,410
LK-1115045,2316,1052,1264
LK-1115050,2333,1150,1183
LK-1115055,2649,1268,1381
LK-1115060,2001,927,1074
LK-1115065,1631,758,873
LK-1115070,2664,1266,1398
LK-1115075,1385,656,729
LK-1115080,1076,517,559
LK-1115085,1195,591,604
LK-1115090,1152,580,572
LK-1115095,1431,714,717
LK-1115100,2464,1164,1300
LK-1115105,1959,962,997
LK-1115110,1830,919,911
LK-1115115,1307,615,692
LK-1115120,2095,1036,1059
LK-1115125,1837,878,959
LK-1115130,2138,1063,1075
LK-1115135,1725,858,867
LK-1115140,1877,893,984
LK-1115145,2964,1469,1495
LK-1115150,3837,1833,2004
LK-1115155,1307,623,684
LK-1115160,1301,632,669
LK-1115165,1893,890,1003
LK-1115170,2099,1076,1023
LK-1115175,1451,694,757
LK-1115180,2033,982,1051
LK-1115185,3559,1751,1808
LK-1115190,928,455,473
LK-1115195,1339,701,638
LK-1115200,1492,755,737
LK-1115205,2989,1542,1447
LK-1115210,1510,746,764
LK-1115215,1681,801,880
LK-1115220,1173,571,602
LK-1115225,1732,840,892
LK-1115230,1322,693,629
LK-1115235,1478,704,774
LK-1115240,2146,1040,1106
LK-1115245,1128,529,599
LK-1115250,1512,705,807
LK-1115255,1627,797,830
LK-1115260,666,329,337
LK-1115265,1717,849,868
LK-1115270,1041,493,548
LK-1115275,1857,928,929
LK-1115280,1717,839,878
LK-1115285,2807,1378,1429
LK-1115290,868,441,427
LK-1115295,1233,623,610
LK-1115300,606,303,303
LK-1115305,533,261,272
LK-1115310,708,343,365
LK-1115315,767,366,401
LK-1115320,744,361,383
LK-1115325,1289,600,689
LK-1115330,1713,838,875
LK-1115335,1976,923,1053
LK-1115340,914,445,469
LK-1118,65267,31889,33378
LK-1118005,845,403,442
LK-1118010,1518,737,781
LK-1118015,857,434,423
LK-1118020,1789,882,907
LK-1118025,794,389,405
LK-1118030,970,467,503
LK-1118035,1891,927,964
LK-1118040,1074,500,574
LK-1118045,727,345,382
LK-1118050,1339,642,697
LK-1118055,1878,919,959
LK-1118060,707,335,372
LK-1118065,1438,698,740
LK-1118070,1332,632,700
LK-1118075,2790,1420,1370
LK-1118080,2391,1194,1197
LK-1118085,1247,614,633
LK-1118090,2939,1451,1488
LK-1118095,1520,724,796
LK-1118100,2168,1078,1090
LK-1118105,1157,545,612
LK-1118110,2157,1049,1108
LK-1118115,1814,886,928
LK-1118120,1593,803,790
LK-1118125,2340,1133,1207
LK-1118130,1071,520,551
LK-1118135,1329,632,697
LK-1118140,1175,570,605
LK-1118145,1469,725,744
LK-1118150,983,495,488
LK-1118155,1361,671,690
LK-1118160,2059,1018,1041
LK-1118165,1498,726,772
LK-1118170,1901,940,961
LK-1118175,1284,626,658
LK-1118180,1763,891,872
LK-1118185,753,385,368
LK-1118190,1367,659,708
LK-1118195,1755,808,947
LK-1118200,932,446,486
LK-1118205,764,347,417
LK-1118210,621,307,314
LK-1118215,1412,690,722
LK-1118220,917,462,455
LK-1118225,765,366,399
LK-1118230,813,398,415
LK-1121,196423,94117,102306
LK-1121005,6043,2971,3072
LK-1121010,6222,2953,3269
LK-1121015,6244,3028,3216
LK-1121020,5492,2759,2733
LK-1121025,6217,2954,3263
LK-1121030,4956,2383,2573
LK-1121035,5632,2673,2959
LK-1121040,4471,2185,2286
LK-1121045,1259,608,651
LK-1121050,2697,1265,1432
LK-1121055,4342,2081,2261
LK-1121060,2466,1186,1280
LK-1121065,7647,3700,3947
LK-1121070,3513,1667,1846
LK-1121075,4543,2294,2249
LK-1121080,7086,3249,3837
LK-1121085,5838,2867,2971
LK-1121090,6309,3132,3177
LK-1121095,4780,2309,2471
LK-1121100,6546,3167,3379
LK-1121105,3695,1704,1991
LK-1121110,2464,1242,1222
LK-1121115,5233,2485,2748
LK-1121120,4060,1943,2117
LK-1121125,2766,1345,1421
LK-1121130,7159,3450,3709
LK-1121135,2692,1304,1388
LK-1121140,3648,1790,1858
LK-1121145,3458,1680,1778
LK-1121150,1596,768,828
LK-1121155,5496,2796,2700
LK-1121160,2255,1056,1199
LK-1121165,5453,2675,2778
LK-1121170,5194,2477,2717
LK-1121175,7328,3470,3858
LK-1121180,4094,1864,2230
LK-1121185,7734,3631,4103
LK-1121190,4901,2316,2585
LK-1121195,3675,1967,1708
LK-1121200,7391,2908,4483
LK-1121205,3828,1815,2013
LK-1124,107925,51992,55933
LK-1124005,11963,5925,6038
LK-1124010,7004,3195,3809
LK-1124015,6749,3183,3566
LK-1124020,3591,1878,1713
LK-1124025,4834,2389,2445
LK-1124030,4059,2032,2027
LK-1124035,5707,2767,2940
LK-1124040,3371,1664,1707
LK-1124045,5929,2877,3052
LK-1124050,3984,1912,2072
LK-1124055,3634,1753,1881
LK-1124060,5301,2439,2862
LK-1124065,5473,2573,2900
LK-1124070,5627,2635,2992
LK-1124075,5446,2537,2909
LK-1124080,3365,1678,1687
LK-1124085,5944,2902,3042
LK-1124090,5352,2493,2859
LK-1124095,7305,3554,3751
LK-1124100,3287,1606,1681
LK-1127,238057,118660,119397
LK-1127005,6711,3549,3162
LK-1127010,7564,3621,3943
LK-1127015,9914,4703,5211
LK-1127020,6954,3468,3486
LK-1127025,10577,5498,5079
LK-1127030,18602,9356,9246
LK-1127035,17355,8547,8808
LK-1127040,21326,13617,7709
LK-1127045,5127,2566,2561
LK-1127050,6498,3213,3285
LK-1127055,11194,5503,5691
LK-1127060,12675,5949,6726
LK-1127065,7389,3214,4175
LK-1127070,7455,3464,3991
LK-1127075,20237,9576,10661
LK-1127080,17846,8818,9028
LK-1127085,14967,7131,7836
LK-1127090,10826,5059,5767
LK-1127095,12451,5658,6793
LK-1127100,12389,6150,6239
LK-1130,88962,43201,45761
LK-1130005,6367,3111,3256
LK-1130010,6334,3095,3239
LK-1130015,4806,2388,2418
LK-1130020,5475,2567,2908
LK-1130025,5517,2674,2843
LK-1130030,6228,3049,3179
LK-1130035,5671,2814,2857
LK-1130040,5184,2499,2685
LK-1130045,6767,3262,3505
LK-1130050,5914,2891,3023
LK-1130055,9058,4356,4702
LK-1130060,3543,1714,1829
LK-1130065,4374,2108,2266
LK-1130070,5633,2826,2807
LK-1130075,8091,3847,4244
LK-1131,95506,46786,48720
LK-1131005,8373,4255,4118
LK-1131010,6624,3199,3425
LK-1131015,6311,3116,3195
LK-1131020,4608,2210,2398
LK-1131025,12166,5944,6222
LK-1131030,8854,4284,4570
LK-1131035,7683,3686,3997
LK-1131040,5018,2380,2638
LK-1131045,7585,3635,3950
LK-1131050,6443,3097,3346
LK-1131055,5736,2847,2889
LK-1131060,6564,3408,3156
LK-1131065,9541,4725,4816
LK-1133,168280,82323,85957
LK-1133005,4201,2107,2094
LK-1133010,4805,2299,2506
LK-1133015,2898,1339,1559
LK-1133020,2711,1305,1406
LK-1133025,2748,1288,1460
LK-1133030,5385,2696,2689
LK-1133035,5918,2913,3005
LK-1133040,3916,1826,2090
LK-1133045,4481,2168,2313
LK-1133050,3049,1508,1541
LK-1133055,3333,1681,1652
LK-1133060,4464,2186,2278
LK-1133065,3783,1862,1921
LK-1133070,2144,973,1171
LK-1133075,4033,1941,2092
LK-1133080,5380,2564,2816
LK-1133085,3194,1618,1576
LK-1133090,10596,5500,5096
LK-1133095,7487,3956,3531
LK-1133100,3255,1590,1665
LK-1133105,3544,1711,1833
LK-1133110,3375,1554,1821
LK-1133115,2826,1277,1549
LK-1133120,2174,1019,1155
LK-1133125,4524,2111,2413
LK-1133130,4437,2209,2228
LK-1133135,3854,1899,1955
LK-1133140,3630,1759,1871
LK-1133145,3678,1767,1911
LK-1133150,4689,2303,2386
LK-1133155,3592,1779,1813
LK-1133160,2236,1091,1145
LK-1133165,2394,1211,1183
LK-1133170,5696,2785,2911
LK-1133175,2192,1046,1146
LK-1133180,3531,1719,1812
LK-1133185,3582,1735,1847
LK-1133190,3551,1722,1829
LK-1133195,4399,2128,2271
LK-1133200,4603,2229,2374
LK-1133205,2869,1418,1451
LK-1133210,5123,2531,2592
LK-1136,245232,118922,126310
LK-1136005,5039,2423,2616
LK-1136010,1765,850,915
LK-1136015,2328,1192,1136
LK-1136020,2631,1339,1292
LK-1136025,3413,1689,1724
LK-1136030,4466,2058,2408
LK-1136035,1485,739,746
LK-1136040,4768,2201,2567
LK-1136045,3310,1462,1848
LK-1136050,4842,2372,2470
LK-1136055,2822,1373,1449
LK-1136060,1977,983,994
LK-1136065,5204,2508,2696
LK-1136070,3358,1649,1709
LK-1136075,3697,1803,1894
LK-1136080,2045,967,1078
LK-1136085,5213,2547,2666
LK-1136090,1489,707,782
LK-1136095,3435,1648,1787
LK-1136100,6544,3135,3409
LK-1136105,4373,2138,2235
LK-1136110,2542,1284,1258
LK-1136115,5440,2581,2859
LK-1136120,2773,1315,1458
LK-1136125,2194,1001,1193
LK-1136130,4032,1975,2057
LK-1136135,4703,2276,2427
LK-1136140,5503,2682,2821
LK-1136145,3050,1443,1607
LK-1136150,3042,1493,1549
LK-1136155,3633,1773,1860
LK-1136160,3303,1654,1649
LK-1136165,4037,1962,2075
LK-1136170,4949,2425,2524
LK-1136175,2655,1276,1379
LK-1136180,2697,1292,1405
LK-1136185,4690,2301,2389
LK-1136190,3257,1556,1701
LK-1136195,1749,827,922
LK-1136200,3385,1643,1742
LK-1136205,2761,1338,1423
LK-1136210,2040,984,1056
LK-1136215,2303,1155,1148
LK-1136220,3055,1506,1549
LK-1136225,2070,985,1085
LK-1136230,3633,1723,1910
LK-1136235,2779,1298,1481
LK-1136240,1387,679,708
LK-1136245,4294,2104,2190
LK-1136250,5847,2853,2994
LK-1136255,4279,2014,2265
LK-1136260,2019,980,1039
LK-1136265,1880,902,978
LK-1136270,3522,1716,1806
LK-1136275,3939,1853,2086
LK-1136280,4947,2419,2528
LK-1136285,6316,3130,3186
LK-1136290,6628,3320,3308
LK-1136295,3799,1888,1911
LK-1136300,2084,1039,1045
LK-1136305,1524,754,770
LK-1136310,4165,2047,2118
LK-1136315,4434,2150,2284
LK-1136320,2196,1078,1118
LK-1136325,5487,2659,2828
LK-1136330,1604,754,850
LK-1136335,1300,629,671
LK-1136340,1545,717,828
LK-1136345,1481,734,747
LK-1136350,3184,1602,1582
LK-1136355,2339,1117,1222
LK-1136360,1270,638,632
LK-1136365,3283,1615,1668
LK-12,2304833,1116893,1187940
LK-1203,142136,68600,73536
LK-1203005,4425,2195,2230
LK-1203010,3722,1735,1987
LK-1203015,2777,1361,1416
LK-1203020,3913,1884,2029
LK-1203025,4925,2327,2598
LK-1203030,5025,2426,2599
LK-1203035,3534,1689,1845
LK-1203040,5478,2663,2815
LK-1203045,4921,2344,2577
LK-1203050,6605,3351,3254
LK-1203055,3606,1711,1895
LK-1203060,2997,1398,1599
LK-1203065,3917,1940,1977
LK-1203070,3353,1603,1750
LK-1203075,3928,1906,2022
LK-1203080,3006,1458,1548
LK-1203085,3125,1559,1566
LK-1203090,6062,2944,3118
LK-1203095,3663,1786,1877
LK-1203100,4027,1914,2113
LK-1203105,2718,1338,1380
LK-1203110,2852,1633,1219
LK-1203115,2932,1347,1585
LK-1203120,2948,1405,1543
LK-1203125,2460,1171,1289
LK-1203130,2975,1392,1583
LK-1203135,2058,955,1103
LK-1203140,6757,3261,3496
LK-1203145,2475,1207,1268
LK-1203150,5453,2471,2982
LK-1203155,4009,1909,2100
LK-1203160,2620,1222,1398
LK-1203165,3452,1645,1807
LK-1203170,2625,1260,1365
LK-1203175,3225,1585,1640
LK-1203180,3729,1838,1891
LK-1203185,2049,970,1079
LK-1203190,1883,921,962
LK-1203195,1907,876,1031
LK-1206,235291,112803,122488
LK-1206005,1369,644,725
LK-1206010,1712,814,898
LK-1206015,1720,827,893
LK-1206020,2914,1411,1503
LK-1206025,2657,1296,1361
LK-1206030,2623,1247,1376
LK-1206035,2010,1017,993
LK-1206040,3087,1478,1609
LK-1206045,1762,868,894
LK-1206050,3062,1481,1581
LK-1206055,1061,474,587
LK-1206060,1823,885,938
LK-1206065,4495,2122,2373
LK-1206070,1793,841,952
LK-1206075,991,480,511
LK-1206080,4286,2006,2280
LK-1206085,3630,1783,1847
LK-1206090,2789,1350,1439
LK-1206095,3212,1548,1664
LK-1206100,5611,2715,2896
LK-1206105,3711,1827,1884
LK-1206110,2594,1214,1380
LK-1206115,4528,2230,2298
LK-1206120,2345,1111,1234
LK-1206125,2010,981,1029
LK-1206130,2496,1186,1310
LK-1206135,2195,1029,1166
LK-1206140,5505,2654,2851
LK-1206145,6995,3375,3620
LK-1206150,3245,1602,1643
LK-1206155,2621,1283,1338
LK-1206160,1724,854,870
LK-1206165,3418,1682,1736
LK-1206170,3656,1735,1921
LK-1206175,6567,3131,3436
LK-1206180,1967,941,1026
LK-1206185,3622,1739,1883
LK-1206190,3696,1810,1886
LK-1206195,4653,2140,2513
LK-1206200,6804,2788,4016
LK-1206205,2733,2027,706
LK-1206210,3138,1524,1614
LK-1206215,2701,1310,1391
LK-1206220,1814,876,938
LK-1206225,2177,1080,1097
LK-1206230,5738,2580,3158
LK-1206235,3361,1261,2100
LK-1206240,2708,1307,1401
LK-1206245,2552,1228,1324
LK-1206250,1758,870,888
LK-1206255,5898,2958,2940
LK-1206260,4824,2308,2516
LK-1206265,8538,3986,4552
LK-1206270,1476,711,765
LK-1206275,2225,1032,1193
LK-1206280,1961,936,1025
LK-1206285,2465,1126,1339
LK-1206290,2458,1162,1296
LK-1206295,2111,1032,1079
LK-1206300,1723,801,922
LK-1206305,1221,553,668
LK-1206310,1894,875,1019
LK-1206315,1828,840,988
LK-1206320,2554,1276,1278
LK-1206325,3197,1552,1645
LK-1206330,5210,2497,2713
LK-1206335,3041,1429,1612
LK-1206340,2402,1179,1223
LK-1206345,1915,947,968
LK-1206350,4127,2084,2043
LK-1206355,1672,808,864
LK-1206360,3062,1452,1610
LK-1206365,2475,1155,1320
LK-1206370,2691,1305,1386
LK-1206375,1848,886,962
LK-1206380,1758,850,908
LK-1206385,1188,571,617
LK-1206390,1490,687,803
LK-1206395,2400,1143,1257
LK-1209,144506,70089,74417
LK-1209005,1451,696,755
LK-1209010,1250,629,621
LK-1209015,700,357,343
LK-1209020,943,472,471
LK-1209025,879,467,412
LK-1209030,1373,671,702
LK-1209035,462,262,200
LK-1209040,1256,645,611
LK-1209045,556,262,294
LK-1209050,398,195,203
LK-1209055,1729,855,874
LK-1209060,1239,646,593
LK-1209065,1147,577,570
LK-1209070,954,490,464
LK-1209075,1283,608,675
LK-1209080,721,348,373
LK-1209085,1131,555,576
LK-1209090,1109,546,563
LK-1209095,1014,497,517
LK-1209100,1059,558,501
LK-1209105,845,428,417
LK-1209110,1742,850,892
LK-1209115,1267,603,664
LK-1209120,1676,804,872
LK-1209125,2219,1043,1176
LK-1209130,1418,669,749
LK-1209135,872,408,464
LK-1209140,1487,713,774
LK-1209145,1435,708,727
LK-1209150,1657,799,858
LK-1209155,924,420,504
LK-1209160,1008,488,520
LK-1209165,982,493,489
LK-1209170,790,387,403
LK-1209175,1421,701,720
LK-1209180,987,451,536
LK-1209185,810,403,407
LK-1209190,882,429,453
LK-1209195,631,312,319
LK-1209200,1065,507,558
LK-1209205,1646,811,835
LK-1209210,1855,898,957
LK-1209215,614,305,309
LK-1209220,1312,645,667
LK-1209225,877,445,432
LK-1209230,971,461,510
LK-1209235,855,414,441
LK-1209240,785,381,404
LK-1209245,362,170,192
LK-1209250,909,420,489
LK-1209255,1049,490,559
LK-1209260,730,357,373
LK-1209265,827,408,419
LK-1209270,1565,770,795
LK-1209275,1369,638,731
LK-1209280,966,453,513
LK-1209285,1519,739,780
LK-1209290,955,468,487
LK-1209295,1956,960,996
LK-1209300,722,349,373
LK-1209305,1857,938,919
LK-1209310,884,427,457
LK-1209315,2328,1116,1212
LK-1209320,1345,660,685
LK-1209325,1562,775,787
LK-1209330,1402,657,745
LK-1209335,638,304,334
LK-1209340,1046,481,565
LK-1209345,963,458,505
LK-1209350,1663,774,889
LK-1209355,1784,888,896
LK-1209360,1031,505,526
LK-1209365,1434,686,748
LK-1209370,1842,865,977
LK-1209375,787,369,418
LK-1209380,1135,533,602
LK-1209385,1916,909,1007
LK-1209390,1145,545,600
LK-1209395,827,401,426
LK-1209400,1003,478,525
LK-1209405,573,266,307
LK-1209410,557,264,293
LK-1209415,2559,1252,1307
LK-1209420,1060,499,561
LK-1209425,882,388,494
LK-1209430,830,400,430
LK-1209435,1165,561,604
LK-1209440,1004,487,517
LK-1209445,1010,468,542
LK-1209450,621,272,349
LK-1209455,1218,613,605
LK-1209460,935,447,488
LK-1209465,398,193,205
LK-1209470,488,241,247
LK-1209475,911,426,485
LK-1209480,378,184,194
LK-1209485,888,451,437
LK-1209490,878,421,457
LK-1209495,1220,596,624
LK-1209500,2268,1065,1203
LK-1209505,692,332,360
LK-1209510,1205,574,631
LK-1209515,1715,833,882
LK-1209520,1380,678,702
LK-1209525,1447,707,740
LK-1209530,1389,678,711
LK-1209535,2542,1243,1299
LK-1209540,756,365,391
LK-1209545,788,375,413
LK-1209550,1712,842,870
LK-1209555,1048,515,533
LK-1209560,824,390,434
LK-1209565,2028,1008,1020
LK-1209570,907,456,451
LK-1209575,1145,583,562
LK-1209580,1166,568,598
LK-1209585,798,376,422
LK-1209590,1531,744,787
LK-1209595,3105,1464,1641
LK-1209600,780,389,391
LK-1209605,1013,479,534
LK-1209610,2168,1063,1105
LK-1209615,1316,630,686
LK-1212,164580,79185,85395
LK-1212005,3206,1528,1678
LK-1212010,1683,815,868
LK-1212015,1982,927,1055
LK-1212020,773,378,395
LK-1212025,855,407,448
LK-1212030,969,463,506
LK-1212035,898,435,463
LK-1212040,866,412,454
LK-1212045,1336,640,696
LK-1212050,920,435,485
LK-1212055,1255,615,640
LK-1212060,1506,732,774
LK-1212065,1299,639,660
LK-1212070,1863,931,932
LK-1212075,1045,555,490
LK-1212080,703,337,366
LK-1212085,1296,621,675
LK-1212090,1281,652,629
LK-1212095,895,429,466
LK-1212100,1240,616,624
LK-1212105,1221,579,642
LK-1212110,2311,1130,1181
LK-1212115,1680,831,849
LK-1212120,1354,663,691
LK-1212125,1071,446,625
LK-1212130,1028,488,540
LK-1212135,973,467,506
LK-1212140,855,391,464
LK-1212145,1726,822,904
LK-1212150,499,227,272
LK-1212155,740,360,380
LK-1212160,861,430,431
LK-1212165,482,240,242
LK-1212170,713,361,352
LK-1212175,1021,499,522
LK-1212180,606,293,313
LK-1212185,866,436,430
LK-1212190,617,305,312
LK-1212195,495,251,244
LK-1212200,620,360,260
LK-1212205,1202,580,622
LK-1212210,1196,566,630
LK-1212215,834,387,447
LK-1212220,524,255,269
LK-1212225,1081,413,668
LK-1212230,1002,481,521
LK-1212235,993,474,519
LK-1212240,1545,763,782
LK-1212245,764,376,388
LK-1212250,581,281,300
LK-1212255,1202,597,605
LK-1212260,1007,480,527
LK-1212265,630,297,333
LK-1212270,834,389,445
LK-1212275,476,220,256
LK-1212280,1419,676,743
LK-1212285,910,454,456
LK-1212290,1284,615,669
LK-1212295,786,387,399
LK-1212300,396,184,212
LK-1212305,1179,585,594
LK-1212310,1741,868,873
LK-1212315,1021,498,523
LK-1212320,1646,758,888
LK-1212325,799,379,420
LK-1212330,1361,687,674
LK-1212335,499,237,262
LK-1212340,522,274,248
LK-1212345,1243,556,687
LK-1212350,967,468,499
LK-1212355,1023,495,528
LK-1212360,1420,718,702
LK-1212365,917,428,489
LK-1212370,1314,633,681
LK-1212375,468,233,235
LK-1212380,675,348,327
LK-1212385,1079,499,580
LK-1212390,907,439,468
LK-1212395,1033,523,510
LK-1212400,2135,1008,1127
LK-1212405,684,327,357
LK-1212410,847,407,440
LK-1212415,926,446,480
LK-1212420,944,460,484
LK-1212425,640,317,323
LK-1212430,669,330,339
LK-1212435,924,439,485
LK-1212440,1131,568,563
LK-1212445,837,406,431
LK-1212450,1149,535,614
LK-1212455,1939,913,1026
LK-1212460,919,433,486
LK-1212465,1771,457,1314
LK-1212470,1277,591,686
LK-1212475,1016,482,534
LK-1212480,1584,751,833
LK-1212485,533,239,294
LK-1212490,1197,578,619
LK-1212495,782,386,396
LK-1212500,880,444,436
LK-1212505,1034,492,542
LK-1212510,1093,513,580
LK-1212515,761,368,393
LK-1212520,1437,684,753
LK-1212525,1239,578,661
LK-1212530,1027,537,490
LK-1212535,768,388,380
LK-1212540,941,450,491
LK-1212545,1731,844,887
LK-1212550,833,429,404
LK-1212555,537,249,288
LK-1212560,1054,485,569
LK-1212565,1291,607,684
LK-1212570,1333,643,690
LK-1212575,1564,757,807
LK-1212580,1738,841,897
LK-1212585,1737,826,911
LK-1212590,1461,702,759
LK-1212595,974,475,499
LK-1212600,537,264,273
LK-1212605,1113,538,575
LK-1212610,1114,528,586
LK-1212615,722,339,383
LK-1212620,709,364,345
LK-1212625,1189,559,630
LK-1212630,794,366,428
LK-1212635,680,323,357
LK-1212640,2183,1076,1107
LK-1212645,1275,612,663
LK-1212650,891,434,457
LK-1212655,921,450,471
LK-1212660,726,351,375
LK-1212665,1429,713,716
LK-1212670,836,412,424
LK-1212675,1353,635,718
LK-1212680,828,384,444
LK-1212685,1314,639,675
LK-1212690,925,445,480
LK-1212695,764,350,414
LK-1212700,2302,1153,1149
LK-1212705,2701,1346,1355
LK-1212710,943,480,463
LK-1212715,941,450,491
LK-1212720,2314,1195,1119
LK-1212725,1128,564,564
LK-1212730,1143,565,578
LK-1212735,1722,818,904
LK-1212740,697,342,355
LK-1212745,959,458,501
LK-1215,178331,85959,92372
LK-1215005,1398,643,755
LK-1215010,1638,775,863
LK-1215015,1269,599,670
LK-1215020,2648,1237,1411
LK-1215025,1739,850,889
LK-1215030,1798,872,926
LK-1215035,913,435,478
LK-1215040,1881,940,941
LK-1215045,1177,550,627
LK-1215050,1751,850,901
LK-1215055,1192,574,618
LK-1215060,1033,465,568
LK-1215065,779,384,395
LK-1215070,661,303,358
LK-1215075,1096,526,570
LK-1215080,793,377,416
LK-1215085,1221,604,617
LK-1215090,506,252,254
LK-1215095,1208,590,618
LK-1215100,1079,498,581
LK-1215105,1080,526,554
LK-1215110,1769,869,900
LK-1215115,1589,789,800
LK-1215120,2072,1034,1038
LK-1215125,1154,551,603
LK-1215130,3043,1424,1619
LK-1215135,1928,923,1005
LK-1215140,2177,1067,1110
LK-1215145,1718,831,887
LK-1215150,1517,739,778
LK-1215155,1530,717,813
LK-1215160,2004,963,1041
LK-1215165,1527,713,814
LK-1215170,1923,930,993
LK-1215175,1200,595,605
LK-1215180,997,500,497
LK-1215185,1154,571,583
LK-1215190,854,404,450
LK-1215195,1786,850,936
LK-1215200,1029,504,525
LK-1215205,1729,774,955
LK-1215210,1419,670,749
LK-1215215,1206,567,639
LK-1215220,717,357,360
LK-1215225,768,355,413
LK-1215230,1598,804,794
LK-1215235,1311,666,645
LK-1215240,1496,756,740
LK-1215245,2564,1193,1371
LK-1215250,1760,876,884
LK-1215255,1983,939,1044
LK-1215260,989,491,498
LK-1215265,1004,488,516
LK-1215270,1322,609,713
LK-1215275,1298,622,676
LK-1215280,1422,685,737
LK-1215285,1023,483,540
LK-1215290,1136,567,569
LK-1215295,2779,1303,1476
LK-1215300,3362,1674,1688
LK-1215305,1451,685,766
LK-1215310,1095,539,556
LK-1215315,1272,620,652
LK-1215320,1145,545,600
LK-1215325,722,351,371
LK-1215330,958,449,509
LK-1215335,1726,840,886
LK-1215340,1370,630,740
LK-1215345,984,485,499
LK-1215350,1571,747,824
LK-1215355,1187,580,607
LK-1215360,1132,556,576
LK-1215365,1722,858,864
LK-1215370,2433,1142,1291
LK-1215375,1864,902,962
LK-1215380,1263,605,658
LK-1215385,957,433,524
LK-1215390,982,477,505
LK-1215395,1122,550,572
LK-1215400,1885,923,962
LK-1215405,1669,777,892
LK-1215410,1466,692,774
LK-1215415,2279,1100,1179
LK-1215420,1442,703,739
LK-1215425,1327,637,690
LK-1215430,1213,589,624
LK-1215435,1576,745,831
LK-1215440,2077,1007,1070
LK-1215445,1201,569,632
LK-1215450,1701,857,844
LK-1215455,1553,739,814
LK-1215460,1613,786,827
LK-1215465,1429,673,756
LK-1215470,1283,610,673
LK-1215475,1389,679,710
LK-1215480,1620,750,870
LK-1215485,1273,600,673
LK-1215490,1907,918,989
LK-1215495,2282,1110,1172
LK-1215500,2022,919,1103
LK-1215505,1876,902,974
LK-1215510,1320,651,669
LK-1215515,1333,628,705
LK-1215520,2022,975,1047
LK-1215525,1753,831,922
LK-1215530,1131,535,596
LK-1215535,1987,961,1026
LK-1215540,1737,827,910
LK-1215545,980,485,495
LK-1215550,1704,789,915
LK-1215555,871,409,462
LK-1215560,1014,494,520
LK-1215565,1270,641,629
LK-1215570,2109,1189,920
LK-1215575,1235,640,595
LK-1215580,968,460,508
LK-1215585,1640,810,830
LK-1215590,1709,829,880
LK-1215595,1313,642,671
LK-1215600,1014,491,523
LK-1215605,1465,690,775
LK-1218,175525,84426,91099
LK-1218005,2454,1136,1318
LK-1218010,1774,850,924
LK-1218015,2366,1117,1249
LK-1218020,1332,655,677
LK-1218025,2287,1108,1179
LK-1218030,2137,1007,1130
LK-1218035,2052,943,1109
LK-1218040,3164,1554,1610
LK-1218045,1361,635,726
LK-1218050,3068,1528,1540
LK-1218055,4224,1962,2262
LK-1218060,4245,2013,2232
LK-1218065,4671,2188,2483
LK-1218070,4906,2402,2504
LK-1218075,4397,2161,2236
LK-1218080,4304,2053,2251
LK-1218085,4261,2027,2234
LK-1218090,1828,874,954
LK-1218095,2114,1019,1095
LK-1218100,2501,1179,1322
LK-1218105,2230,1078,1152
LK-1218110,3199,1533,1666
LK-1218115,2281,1135,1146
LK-1218120,4771,2359,2412
LK-1218125,4837,2347,2490
LK-1218130,3226,1536,1690
LK-1218135,11686,5627,6059
LK-1218140,7607,3496,4111
LK-1218145,9062,4424,4638
LK-1218150,1623,805,818
LK-1218155,4787,2317,2470
LK-1218160,2788,1366,1422
LK-1218165,2631,1193,1438
LK-1218170,3381,1685,1696
LK-1218175,8447,4122,4325
LK-1218180,3234,1532,1702
LK-1218185,4053,2007,2046
LK-1218190,4067,1975,2092
LK-1218195,2624,1155,1469
LK-1218200,4922,2213,2709
LK-1218205,3126,1506,1620
LK-1218210,3464,1673,1791
LK-1218215,4527,2178,2349
LK-1218220,5016,2415,2601
LK-1218225,3426,1759,1667
LK-1218230,5064,2579,2485
LK-1221,201521,97574,103947
LK-1221005,9394,4505,4889
LK-1221010,3236,1587,1649
LK-1221015,2041,970,1071
LK-1221020,1819,863,956
LK-1221025,5687,2963,2724
LK-1221030,3822,1987,1835
LK-1221035,1114,544,570
LK-1221040,1612,820,792
LK-1221045,2909,1449,1460
LK-1221050,5136,2660,2476
LK-1221055,2425,1156,1269
LK-1221060,3150,1500,1650
LK-1221065,1800,872,928
LK-1221070,2919,1387,1532
LK-1221075,5926,3185,2741
LK-1221080,3352,1647,1705
LK-1221085,3991,1941,2050
LK-1221090,3458,1661,1797
LK-1221095,2769,1376,1393
LK-1221100,3972,1920,2052
LK-1221105,3654,1723,1931
LK-1221110,2167,1016,1151
LK-1221115,2843,1334,1509
LK-1221120,2797,1328,1469
LK-1221125,3618,1690,1928
LK-1221130,3989,1997,1992
LK-1221135,2608,1231,1377
LK-1221140,2754,1300,1454
LK-1221145,2453,1195,1258
LK-1221150,1648,767,881
LK-1221155,5646,2658,2988
LK-1221160,2303,1078,1225
LK-1221165,2568,1196,1372
LK-1221170,3096,1405,1691
LK-1221175,1166,588,578
LK-1221180,1751,826,925
LK-1221185,3609,1686,1923
LK-1221190,2017,958,1059
LK-1221195,3124,1507,1617
LK-1221200,4750,2289,2461
LK-1221205,3739,1831,1908
LK-1221210,3553,1688,1865
LK-1221215,4459,2117,2342
LK-1221220,3986,1893,2093
LK-1221225,2538,1215,1323
LK-1221230,3921,1824,2097
LK-1221235,6748,3167,3581
LK-1221240,5799,2749,3050
LK-1221245,5879,2878,3001
LK-1221250,4332,2125,2207
LK-1221255,3728,1770,1958
LK-1221260,4512,2202,2310
LK-1221265,3814,1826,1988
LK-1221270,3985,1893,2092
LK-1221275,3975,2006,1969
LK-1221280,4191,2032,2159
LK-1221285,3269,1593,1676
LK-1224,197667,95570,102097
LK-1224005,1862,927,935
LK-1224010,1559,739,820
LK-1224015,1663,824,839
LK-1224020,1542,748,794
LK-1224025,1134,537,597
LK-1224030,828,412,416
LK-1224035,692,340,352
LK-1224040,973,473,500
LK-1224045,1684,798,886
LK-1224050,1498,725,773
LK-1224055,2086,998,1088
LK-1224060,2004,979,1025
LK-1224065,2049,962,1087
LK-1224070,2048,1004,1044
LK-1224075,792,400,392
LK-1224080,1178,562,616
LK-1224085,1062,502,560
LK-1224090,1187,572,615
LK-1224095,3919,1872,2047
LK-1224100,1938,903,1035
LK-1224105,1596,764,832
LK-1224110,1323,665,658
LK-1224115,1401,657,744
LK-1224120,2903,1402,1501
LK-1224125,1675,791,884
LK-1224130,2354,1115,1239
LK-1224135,1373,611,762
LK-1224140,1813,818,995
LK-1224145,1178,539,639
LK-1224150,311,174,137
LK-1224155,1636,768,868
LK-1224160,1328,640,688
LK-1224165,793,383,410
LK-1224170,1204,602,602
LK-1224175,2551,1237,1314
LK-1224180,2515,1186,1329
LK-1224185,591,283,308
LK-1224190,1619,770,849
LK-1224195,3083,1540,1543
LK-1224200,571,271,300
LK-1224205,1243,569,674
LK-1224210,2983,1431,1552
LK-1224215,1398,671,727
LK-1224220,1029,488,541
LK-1224225,3354,1674,1680
LK-1224230,1945,965,980
LK-1224235,1356,619,737
LK-1224240,2549,1249,1300
LK-1224245,1412,685,727
LK-1224250,1150,561,589
LK-1224255,2735,1298,1437
LK-1224260,2028,990,1038
LK-1224265,1869,883,986
LK-1224270,3416,1620,1796
LK-1224275,1168,572,596
LK-1224280,3631,1725,1906
LK-1224285,1334,683,651
LK-1224290,2217,1039,1178
LK-1224295,2139,1036,1103
LK-1224300,1581,701,880
LK-1224305,1892,905,987
LK-1224310,2637,1225,1412
LK-1224315,927,457,470
LK-1224320,1394,684,710
LK-1224325,2997,1460,1537
LK-1224330,2988,1443,1545
LK-1224335,5550,2658,2892
LK-1224340,2127,1067,1060
LK-1224345,2105,1008,1097
LK-1224350,3339,1652,1687
LK-1224355,2162,1057,1105
LK-1224360,3148,1505,1643
LK-1224365,2625,1276,1349
LK-1224370,1923,910,1013
LK-1224375,1458,727,731
LK-1224380,2056,1017,1039
LK-1224385,3307,1599,1708
LK-1224390,1939,969,970
LK-1224395,3173,1550,1623
LK-1224400,1605,788,817
LK-1224405,2160,1011,1149
LK-1224410,2597,1315,1282
LK-1224415,3064,1492,1572
LK-1224420,1833,897,936
LK-1224425,2103,1028,1075
LK-1224430,1812,889,923
LK-1224435,1808,890,918
LK-1224440,2302,1094,1208
LK-1224445,1735,832,903
LK-1224450,1749,882,867
LK-1224455,2238,1089,1149
LK-1224460,986,492,494
LK-1224465,1610,794,816
LK-1224470,2030,1015,1015
LK-1224475,2624,1306,1318
LK-1224480,2237,1085,1152
LK-1224485,2381,1142,1239
LK-1224490,2953,1447,1506
LK-1224495,1883,897,986
LK-1224500,1608,816,792
LK-1224505,2549,1248,1301
LK-1227,179565,86489,93076
LK-1227005,1372,665,707
LK-1227010,1646,797,849
LK-1227015,1564,766,798
LK-1227020,1542,745,797
LK-1227025,551,262,289
LK-1227030,1368,647,721
LK-1227035,717,337,380
LK-1227040,757,367,390
LK-1227045,785,374,411
LK-1227050,1138,535,603
LK-1227055,919,427,492
LK-1227060,1027,498,529
LK-1227065,1051,502,549
LK-1227070,829,399,430
LK-1227075,1090,540,550
LK-1227080,2411,1179,1232
LK-1227085,868,423,445
LK-1227090,1066,532,534
LK-1227095,918,496,422
LK-1227100,825,419,406
LK-1227105,737,342,395
LK-1227110,770,357,413
LK-1227115,1393,658,735
LK-1227120,2333,984,1349
LK-1227125,1387,655,732
LK-1227130,1157,560,597
LK-1227135,1382,688,694
LK-1227140,1357,652,705
LK-1227145,1509,696,813
LK-1227150,801,361,440
LK-1227155,986,482,504
LK-1227160,1027,488,539
LK-1227165,611,297,314
LK-1227170,653,324,329
LK-1227175,1124,554,570
LK-1227180,1499,727,772
LK-1227185,708,341,367
LK-1227190,1268,621,647
LK-1227195,408,183,225
LK-1227200,1526,754,772
LK-1227205,1443,676,767
LK-1227210,2198,1020,1178
LK-1227215,1841,871,970
LK-1227220,1051,470,581
LK-1227225,1156,551,605
LK-1227230,388,175,213
LK-1227235,1352,620,732
LK-1227240,2200,1055,1145
LK-1227245,1608,753,855
LK-1227250,1095,543,552
LK-1227255,2288,1075,1213
LK-1227260,2177,1068,1109
LK-1227265,813,398,415
LK-1227270,1044,502,542
LK-1227275,1182,579,603
LK-1227280,1023,492,531
LK-1227285,1027,531,496
LK-1227290,1122,516,606
LK-1227295,723,346,377
LK-1227300,1298,643,655
LK-1227305,1535,733,802
LK-1227310,836,397,439
LK-1227315,2199,1090,1109
LK-1227320,944,478,466
LK-1227325,846,415,431
LK-1227330,1018,514,504
LK-1227335,1542,766,776
LK-1227340,2457,1271,1186
LK-1227345,6391,3256,3135
LK-1227350,1341,672,669
LK-1227355,1700,830,870
LK-1227360,948,472,476
LK-1227365,924,430,494
LK-1227370,1245,521,724
LK-1227375,2187,968,1219
LK-1227380,2210,1035,1175
LK-1227385,2178,1018,1160
LK-1227390,1380,660,720
LK-1227395,491,233,258
LK-1227400,657,325,332
LK-1227405,1097,530,567
LK-1227410,612,296,316
LK-1227415,1316,626,690
LK-1227420,541,256,285
LK-1227425,889,436,453
LK-1227430,721,341,380
LK-1227435,467,229,238
LK-1227440,902,446,456
LK-1227445,852,408,444
LK-1227450,884,435,449
LK-1227455,558,288,270
LK-1227460,640,297,343
LK-1227465,925,455,470
LK-1227470,2500,1175,1325
LK-1227475,741,376,365
LK-1227480,1415,610,805
LK-1227485,844,415,429
LK-1227490,276,117,159
LK-1227495,1749,840,909
LK-1227500,2865,1327,1538
LK-1227505,1471,711,760
LK-1227510,516,254,262
LK-1227515,992,487,505
LK-1227520,579,272,307
LK-1227525,1417,679,738
LK-1227530,903,444,459
LK-1227535,1499,732,767
LK-1227540,1198,580,618
LK-1227545,863,422,441
LK-1227550,575,266,309
LK-1227555,1265,634,631
LK-1227560,790,390,400
LK-1227565,981,452,529
LK-1227570,896,438,458
LK-1227575,706,328,378
LK-1227580,810,369,441
LK-1227585,704,334,370
LK-1227590,1028,506,522
LK-1227595,1571,753,818
LK-1227600,677,313,364
LK-1227605,1188,575,613
LK-1227610,1304,636,668
LK-1227615,840,405,435
LK-1227620,891,436,455
LK-1227625,1632,773,859
LK-1227630,1431,708,723
LK-1227635,1608,779,829
LK-1227640,1721,843,878
LK-1227645,561,281,280
LK-1227650,796,402,394
LK-1227655,1457,707,750
LK-1227660,1155,549,606
LK-1227665,1210,586,624
LK-1227670,1162,555,607
LK-1227675,919,445,474
LK-1227680,544,274,270
LK-1227685,918,422,496
LK-1227690,1361,654,707
LK-1227695,924,449,475
LK-1227700,1256,618,638
LK-1227705,1283,639,644
LK-1227710,1428,673,755
LK-1227715,706,333,373
LK-1227720,426,205,221
LK-1227725,1332,640,692
LK-1227730,965,445,520
LK-1227735,986,517,469
LK-1227740,1112,541,571
LK-1227745,713,355,358
LK-1227750,1004,500,504
LK-1227755,1359,675,684
LK-1230,154005,75233,78772
LK-1230005,1466,731,735
LK-1230010,1394,693,701
LK-1230015,1396,688,708
LK-1230020,776,366,410
LK-1230025,793,367,426
LK-1230030,1079,516,563
LK-1230035,533,242,291
LK-1230040,755,372,383
LK-1230045,964,496,468
LK-1230050,1429,702,727
LK-1230055,1258,597,661
LK-1230060,1186,581,605
LK-1230065,695,320,375
LK-1230070,1313,656,657
LK-1230075,1451,685,766
LK-1230080,1346,649,697
LK-1230085,797,391,406
LK-1230090,1230,596,634
LK-1230095,630,320,310
LK-1230100,1913,934,979
LK-1230105,1119,542,577
LK-1230110,1351,647,704
LK-1230115,1098,535,563
LK-1230120,846,418,428
LK-1230125,1015,472,543
LK-1230130,2736,1331,1405
LK-1230135,1780,871,909
LK-1230140,1548,784,764
LK-1230145,1072,523,549
LK-1230150,670,341,329
LK-1230155,1187,596,591
LK-1230160,742,361,381
LK-1230165,781,373,408
LK-1230170,542,261,281
LK-1230175,730,349,381
LK-1230180,753,370,383
LK-1230185,994,457,537
LK-1230190,1171,562,609
LK-1230195,1269,603,666
LK-1230200,566,279,287
LK-1230205,1155,586,569
LK-1230210,647,309,338
LK-1230215,525,248,277
LK-1230220,884,409,475
LK-1230225,1458,726,732
LK-1230230,1374,671,703
LK-1230235,1068,523,545
LK-1230240,954,448,506
LK-1230245,754,332,422
LK-1230250,956,479,477
LK-1230255,1241,636,605
LK-1230260,1533,773,760
LK-1230265,1177,560,617
LK-1230270,1193,569,624
LK-1230275,872,445,427
LK-1230280,768,367,401
LK-1230285,1715,845,870
LK-1230290,1088,547,541
LK-1230295,651,332,319
LK-1230300,691,345,346
LK-1230305,837,413,424
LK-1230310,625,293,332
LK-1230315,866,411,455
LK-1230320,1685,851,834
LK-1230325,762,365,397
LK-1230330,1757,838,919
LK-1230335,1233,599,634
LK-1230340,1248,596,652
LK-1230345,624,286,338
LK-1230350,843,407,436
LK-1230355,927,432,495
LK-1230360,1610,757,853
LK-1230365,1301,633,668
LK-1230370,1037,496,541
LK-1230375,1197,593,604
LK-1230380,575,269,306
LK-1230385,1493,737,756
LK-1230390,1644,795,849
LK-1230395,1063,522,541
LK-1230400,2053,976,1077
LK-1230405,539,261,278
LK-1230410,1665,841,824
LK-1230415,625,324,301
LK-1230420,779,378,401
LK-1230425,569,248,321
LK-1230430,746,352,394
LK-1230435,1063,512,551
LK-1230440,1050,547,503
LK-1230445,1280,664,616
LK-1230450,1567,783,784
LK-1230455,1425,692,733
LK-1230460,915,435,480
LK-1230465,1121,532,589
LK-1230470,776,390,386
LK-1230475,1147,572,575
LK-1230480,993,497,496
LK-1230485,1163,582,581
LK-1230490,1309,646,663
LK-1230495,1584,774,810
LK-1230500,988,494,494
LK-1230505,3088,1614,1474
LK-1230510,1772,885,887
LK-1230515,843,382,461
LK-1230520,1613,773,840
LK-1230525,1861,908,953
LK-1230530,3358,1637,1721
LK-1230535,939,469,470
LK-1230540,689,319,370
LK-1230545,1006,482,524
LK-1230550,1051,488,563
LK-1230555,802,389,413
LK-1230560,1118,541,577
LK-1230565,984,484,500
LK-1230570,849,406,443
LK-1230575,973,467,506
LK-1230580,1375,648,727
LK-1230585,884,445,439
LK-1230590,1622,794,828
LK-1230595,1016,528,488
LK-1230600,1033,505,528
LK-1230605,1587,783,804
LK-1230610,1618,807,811
LK-1230615,1152,557,595
LK-1230620,2421,1188,1233
LK-1230625,1028,536,492
LK-1230630,1232,623,609
LK-1230635,827,412,415
LK-1230640,919,455,464
LK-1230645,989,488,501
LK-1230650,1362,667,695
LK-1230655,1467,701,766
LK-1230660,1135,558,577
LK-1230665,1630,774,856
LK-1233,207782,101389,106393
LK-1233005,1735,836,899
LK-1233010,1430,679,751
LK-1233015,1841,857,984
LK-1233020,1513,741,772
LK-1233025,1465,728,737
LK-1233030,1621,780,841
LK-1233035,686,339,347
LK-1233040,1165,566,599
LK-1233045,1666,803,863
LK-1233050,854,402,452
LK-1233055,1565,774,791
LK-1233060,1356,667,689
LK-1233065,817,395,422
LK-1233070,1133,569,564
LK-1233075,1459,716,743
LK-1233080,1011,507,504
LK-1233085,399,195,204
LK-1233090,1948,972,976
LK-1233095,1787,892,895
LK-1233100,937,448,489
LK-1233105,844,407,437
LK-1233110,555,269,286
LK-1233115,487,237,250
LK-1233120,1072,506,566
LK-1233125,1231,603,628
LK-1233130,982,470,512
LK-1233135,1799,885,914
LK-1233140,3078,1511,1567
LK-1233145,1180,596,584
LK-1233150,1208,583,625
LK-1233155,2214,1091,1123
LK-1233160,1462,705,757
LK-1233165,1431,716,715
LK-1233170,1341,637,704
LK-1233175,1526,748,778
LK-1233180,1986,986,1000
LK-1233185,1794,894,900
LK-1233190,1319,638,681
LK-1233195,2779,1359,1420
LK-1233200,2746,1334,1412
LK-1233205,2002,956,1046
LK-1233210,4081,2003,2078
LK-1233215,1836,877,959
LK-1233220,1706,852,854
LK-1233225,2563,1268,1295
LK-1233230,2606,1250,1356
LK-1233235,2181,1089,1092
LK-1233240,2251,1151,1100
LK-1233245,5130,2477,2653
LK-1233250,5258,2492,2766
LK-1233255,3425,1656,1769
LK-1233260,3794,1815,1979
LK-1233265,7136,4275,2861
LK-1233270,2558,1228,1330
LK-1233275,2232,1077,1155
LK-1233280,2290,1045,1245
LK-1233285,4970,2410,2560
LK-1233290,3820,1802,2018
LK-1233295,3048,1452,1596
LK-1233300,4297,2044,2253
LK-1233305,2130,985,1145
LK-1233310,1772,873,899
LK-1233315,2809,1339,1470
LK-1233320,1954,955,999
LK-1233325,3535,1717,1818
LK-1233330,3762,1758,2004
LK-1233335,2754,1350,1404
LK-1233340,2776,1368,1408
LK-1233345,2009,994,1015
LK-1233350,2221,1035,1186
LK-1233355,4351,2089,2262
LK-1233360,2994,1497,1497
LK-1233365,2160,998,1162
LK-1233370,1869,919,950
LK-1233375,2162,1045,1117
LK-1233380,3559,1783,1776
LK-1233385,2112,1012,1100
LK-1233390,2162,1036,1126
LK-1233395,2224,1038,1186
LK-1233400,2617,1274,1343
LK-1233405,1498,728,770
LK-1233410,2517,1231,1286
LK-1233415,3864,1843,2021
LK-1233420,1672,810,862
LK-1233425,3127,1491,1636
LK-1233430,2504,1184,1320
LK-1233435,2847,1349,1498
LK-1233440,2925,1381,1544
LK-1233445,2363,1176,1187
LK-1233450,2775,1352,1423
LK-1233455,1745,893,852
LK-1233460,3407,1626,1781
LK-1236,137339,67461,69878
LK-1236005,6646,3288,3358
LK-1236010,2987,1424,1563
LK-1236015,5761,2823,2938
LK-1236020,4664,2301,2363
LK-1236025,3302,1549,1753
LK-1236030,3737,1726,2011
LK-1236035,1624,841,783
LK-1236040,3618,1777,1841
LK-1236045,2629,1279,1350
LK-1236050,5774,2850,2924
LK-1236055,3507,1687,1820
LK-1236060,3916,1963,1953
LK-1236065,3415,1768,1647
LK-1236070,3513,1792,1721
LK-1236075,3643,1857,1786
LK-1236080,3926,1135,2791
LK-1236085,4033,2000,2033
LK-1236090,3182,1565,1617
LK-1236095,2968,1504,1464
LK-1236100,1938,949,989
LK-1236105,3761,1980,1781
LK-1236110,3862,2085,1777
LK-1236115,5062,2648,2414
LK-1236120,5140,2570,2570
LK-1236125,3688,1902,1786
LK-1236130,4030,2041,1989
LK-1236135,2046,1019,1027
LK-1236140,3908,1958,1950
LK-1236145,4561,2235,2326
LK-1236150,3059,1464,1595
LK-1236155,2704,1310,1394
LK-1236160,3230,1588,1642
LK-1236165,4151,2059,2092
LK-1236170,2070,984,1086
LK-1236175,4094,2043,2051
LK-1236180,4356,2126,2230
LK-1236185,2834,1371,1463
LK-1239,186585,92115,94470
LK-1239005,2758,1329,1429
LK-1239010,3407,1675,1732
LK-1239015,5003,2417,2586
LK-1239020,5733,2783,2950
LK-1239025,2787,1323,1464
LK-1239030,2679,1300,1379
LK-1239035,2627,1271,1356
LK-1239040,2516,1240,1276
LK-1239045,1755,856,899
LK-1239050,2829,1410,1419
LK-1239055,2309,1138,1171
LK-1239060,3965,2023,1942
LK-1239065,2740,1336,1404
LK-1239070,5425,2637,2788
LK-1239075,5516,2688,2828
LK-1239080,4856,2369,2487
LK-1239085,3519,1694,1825
LK-1239090,6682,3265,3417
LK-1239095,4708,2228,2480
LK-1239100,2375,1121,1254
LK-1239105,5591,2830,2761
LK-1239110,3109,1535,1574
LK-1239115,5593,2736,2857
LK-1239120,4081,1946,2135
LK-1239125,6319,3110,3209
LK-1239130,2180,1110,1070
LK-1239135,4649,2282,2367
LK-1239140,6119,3097,3022
LK-1239145,4554,2351,2203
LK-1239150,2705,1292,1413
LK-1239155,5025,2630,2395
LK-1239160,5277,2664,2613
LK-1239165,2879,1441,1438
LK-1239170,2342,1137,1205
LK-1239175,3330,1678,1652
LK-1239180,3270,1665,1605
LK-1239185,2048,1130,918
LK-1239190,5097,2498,2599
LK-1239195,2550,1241,1309
LK-1239200,5985,2883,3102
LK-1239205,3263,1596,1667
LK-1239210,3920,1898,2022
LK-1239215,2694,1382,1312
LK-1239220,3312,1675,1637
LK-1239225,3016,1517,1499
LK-1239230,1860,938,922
LK-1239235,2076,1077,999
LK-1239240,5361,2669,2692
LK-1239245,4191,2004,2187
LK-13,1221948,591284,630664
LK-1303,182285,87110,95175
LK-1303005,1574,754,820
LK-1303010,2013,973,1040
LK-1303015,1312,637,675
LK-1303020,2138,1059,1079
LK-1303025,2614,1260,1354
LK-1303030,3902,1895,2007
LK-1303035,2397,1129,1268
LK-1303040,2926,1471,1455
LK-1303045,4301,2090,2211
LK-1303050,6270,3085,3185
LK-1303055,3218,1568,1650
LK-1303060,3024,1469,1555
LK-1303065,4273,2028,2245
LK-1303070,2497,1197,1300
LK-1303075,4809,2334,2475
LK-1303080,2494,1225,1269
LK-1303085,2012,1021,991
LK-1303090,1998,961,1037
LK-1303095,2954,1409,1545
LK-1303100,3574,1699,1875
LK-1303105,1736,832,904
LK-1303110,1647,787,860
LK-1303115,4094,1957,2137
LK-1303120,2496,1195,1301
LK-1303125,1907,894,1013
LK-1303130,1357,636,721
LK-1303135,2947,1424,1523
LK-1303140,2533,1063,1470
LK-1303145,3488,1674,1814
LK-1303150,1731,831,900
LK-1303155,1795,845,950
LK-1303160,4772,2275,2497
LK-1303165,3720,1816,1904
LK-1303170,3731,1777,1954
LK-1303175,1638,765,873
LK-1303180,2263,1015,1248
LK-1303185,1059,524,535
LK-1303190,939,436,503
LK-1303195,547,271,276
LK-1303200,811,395,416
LK-1303205,602,294,308
LK-1303210,1771,874,897
LK-1303215,2596,1216,1380
LK-1303220,3495,1672,1823
LK-1303225,3071,1491,1580
LK-1303230,2753,1302,1451
LK-1303235,2999,1430,1569
LK-1303240,1395,666,729
LK-1303245,1777,820,957
LK-1303250,1393,657,736
LK-1303255,2267,1065,1202
LK-1303260,3230,1496,1734
LK-1303265,3884,1829,2055
LK-1303270,1978,915,1063
LK-1303275,3014,1392,1622
LK-1303280,1506,717,789
LK-1303285,2938,1411,1527
LK-1303290,2554,1189,1365
LK-1303295,3409,1614,1795
LK-1303300,2212,1011,1201
LK-1303305,2479,1189,1290
LK-1303310,3362,1639,1723
LK-1303315,2843,1320,1523
LK-1303320,1392,662,730
LK-1303325,2544,1215,1329
LK-1303330,3967,1948,2019
LK-1303335,1080,508,572
LK-1303340,2122,968,1154
LK-1303345,1420,678,742
LK-1303350,2040,987,1053
LK-1303355,2464,1161,1303
LK-1303360,2217,1098,1119
LK-1306,109236,52959,56277
LK-1306005,2161,1062,1099
LK-1306010,1805,829,976
LK-1306015,2617,1308,1309
LK-1306020,3916,1886,2030
LK-1306025,2018,978,1040
LK-1306030,2446,1186,1260
LK-1306035,1669,817,852
LK-1306040,940,453,487
LK-1306045,1060,526,534
LK-1306050,2879,1431,1448
LK-1306055,1779,869,910
LK-1306060,1557,755,802
LK-1306065,2084,988,1096
LK-1306070,1716,795,921
LK-1306075,2813,1326,1487
LK-1306080,3235,1586,1649
LK-1306085,3478,1657,1821
LK-1306090,2168,1058,1110
LK-1306095,3648,1724,1924
LK-1306100,1322,636,686
LK-1306105,1299,649,650
LK-1306110,1470,717,753
LK-1306115,1654,795,859
LK-1306120,2051,965,1086
LK-1306125,2606,1223,1383
LK-1306130,1934,888,1046
LK-1306135,3158,1513,1645
LK-1306140,1152,571,581
LK-1306145,1232,585,647
LK-1306150,773,382,391
LK-1306155,1881,895,986
LK-1306160,837,428,409
LK-1306165,1122,570,552
LK-1306170,1350,638,712
LK-1306175,1779,826,953
LK-1306180,1789,837,952
LK-1306185,1133,526,607
LK-1306190,1609,770,839
LK-1306195,894,440,454
LK-1306200,1093,527,566
LK-1306205,1194,588,606
LK-1306210,1994,948,1046
LK-1306215,2217,1077,1140
LK-1306220,2479,1182,1297
LK-1306225,2992,1452,1540
LK-1306230,1701,819,882
LK-1306235,1895,923,972
LK-1306240,1906,919,987
LK-1306245,1760,844,916
LK-1306250,2156,1104,1052
LK-1306255,834,398,436
LK-1306260,1806,928,878
LK-1306265,1913,980,933
LK-1306270,1165,586,579
LK-1306275,625,307,318
LK-1306280,1000,476,524
LK-1306285,2325,1228,1097
LK-1306290,2198,1098,1100
LK-1306295,949,487,462
LK-1309,113364,54799,58565
LK-1309005,2108,1014,1094
LK-1309010,1847,911,936
LK-1309015,1497,729,768
LK-1309020,1406,713,693
LK-1309025,2885,1368,1517
LK-1309030,2535,1241,1294
LK-1309035,3981,1943,2038
LK-1309040,2931,1421,1510
LK-1309045,1702,841,861
LK-1309050,3479,1705,1774
LK-1309055,2578,1306,1272
LK-1309060,2650,1286,1364
LK-1309065,1889,923,966
LK-1309070,1739,836,903
LK-1309075,3009,1406,1603
LK-1309080,1779,862,917
LK-1309085,1491,722,769
LK-1309090,2861,1382,1479
LK-1309095,1667,808,859
LK-1309100,2331,1122,1209
LK-1309105,1836,894,942
LK-1309110,2137,1061,1076
LK-1309115,527,248,279
LK-1309120,1734,875,859
LK-1309125,1557,753,804
LK-1309130,1670,829,841
LK-1309135,1884,951,933
LK-1309140,1575,778,797
LK-1309145,976,457,519
LK-1309150,1692,814,878
LK-1309155,1140,581,559
LK-1309160,1978,932,1046
LK-1309165,2105,1036,1069
LK-1309170,2144,1027,1117
LK-1309175,1478,736,742
LK-1309180,2157,1028,1129
LK-1309185,722,349,373
LK-1309190,1828,870,958
LK-1309195,1213,590,623
LK-1309200,1571,731,840
LK-1309205,958,432,526
LK-1309210,1760,816,944
LK-1309215,1472,681,791
LK-1309220,2859,1425,1434
LK-1309225,1359,655,704
LK-1309230,2582,1235,1347
LK-1309235,836,413,423
LK-1309240,987,470,517
LK-1309245,1750,823,927
LK-1309250,2188,1043,1145
LK-1309255,1153,550,603
LK-1309260,2149,1066,1083
LK-1309265,1129,527,602
LK-1309270,1590,776,814
LK-1309275,2903,1362,1541
LK-1309280,1334,669,665
LK-1309285,1290,598,692
LK-1309290,1233,603,630
LK-1309295,1910,924,986
LK-1309300,2012,993,1019
LK-1309305,1621,659,962
LK-1310,53896,26423,27473
LK-1310005,1364,677,687
LK-1310010,2176,1048,1128
LK-1310015,1679,828,851
LK-1310020,1106,566,540
LK-1310025,886,435,451
LK-1310030,1485,763,722
LK-1310035,838,394,444
LK-1310040,1122,527,595
LK-1310045,1243,600,643
LK-1310050,461,217,244
LK-1310055,1313,616,697
LK-1310060,1431,699,732
LK-1310065,2336,1136,1200
LK-1310070,3321,1662,1659
LK-1310075,1205,590,615
LK-1310080,1833,899,934
LK-1310085,1395,695,700
LK-1310090,2658,1310,1348
LK-1310095,3433,1698,1735
LK-1310100,1308,631,677
LK-1310105,2106,1008,1098
LK-1310110,2044,1001,1043
LK-1310115,1213,585,628
LK-1310120,1805,869,936
LK-1310125,3094,1481,1613
LK-1310130,3147,1614,1533
LK-1310135,1883,921,962
LK-1310140,806,424,382
LK-1310145,1737,861,876
LK-1310150,1900,907,993
LK-1310155,1568,761,807
LK-1312,64600,31276,33324
LK-1312005,1293,596,697
LK-1312010,1492,719,773
LK-1312015,985,482,503
LK-1312020,660,322,338
LK-1312025,691,330,361
LK-1312030,648,315,333
LK-1312035,2842,1345,1497
LK-1312040,1061,517,544
LK-1312045,755,367,388
LK-1312050,596,299,297
LK-1312055,1111,532,579
LK-1312060,2141,1061,1080
LK-1312065,1622,788,834
LK-1312070,1111,556,555
LK-1312075,881,424,457
LK-1312080,1317,630,687
LK-1312085,1591,768,823
LK-1312090,1837,901,936
LK-1312095,1759,897,862
LK-1312100,2161,1029,1132
LK-1312105,1108,545,563
LK-1312110,2147,1071,1076
LK-1312115,893,431,462
LK-1312120,1339,670,669
LK-1312125,1596,778,818
LK-1312130,1123,553,570
LK-1312135,1051,544,507
LK-1312140,1202,583,619
LK-1312145,1427,719,708
LK-1312150,1281,601,680
LK-1312155,584,284,300
LK-1312160,834,437,397
LK-1312165,1488,701,787
LK-1312170,849,410,439
LK-1312175,840,408,432
LK-1312180,757,349,408
LK-1312185,850,409,441
LK-1312190,1516,715,801
LK-1312195,789,398,391
LK-1312200,1299,621,678
LK-1312205,1057,527,530
LK-1312210,953,458,495
LK-1312215,823,394,429
LK-1312220,691,355,336
LK-1312225,916,419,497
LK-1312230,1131,521,610
LK-1312235,1163,545,618
LK-1312240,1306,613,693
LK-1312245,1513,743,770
LK-1312250,1515,691,824
LK-1312255,1028,462,566
LK-1312260,877,446,431
LK-1312265,1288,619,669
LK-1312270,812,378,434
LK-1315,34381,16629,17752
LK-1315005,1609,766,843
LK-1315010,618,294,324
LK-1315015,890,402,488
LK-1315020,2117,1023,1094
LK-1315025,952,455,497
LK-1315030,1639,764,875
LK-1315035,1798,884,914
LK-1315040,1624,790,834
LK-1315045,630,304,326
LK-1315050,1153,569,584
LK-1315055,1021,493,528
LK-1315060,1066,495,571
LK-1315065,591,278,313
LK-1315070,733,353,380
LK-1315075,863,418,445
LK-1315080,452,222,230
LK-1315085,1093,564,529
LK-1315090,727,357,370
LK-1315095,1151,583,568
LK-1315100,775,369,406
LK-1315105,1391,706,685
LK-1315110,741,333,408
LK-1315115,1220,587,633
LK-1315120,1036,517,519
LK-1315125,715,343,372
LK-1315130,684,324,360
LK-1315135,1246,614,632
LK-1315140,1099,550,549
LK-1315145,1505,743,762
LK-1315150,1186,564,622
LK-1315155,710,321,389
LK-1315160,583,284,299
LK-1315165,763,360,403
LK-1318,52176,25345,26831
LK-1318005,1825,882,943
LK-1318010,2346,1145,1201
LK-1318015,1233,606,627
LK-1318020,2811,1401,1410
LK-1318025,1000,489,511
LK-1318030,2296,1126,1170
LK-1318035,837,413,424
LK-1318040,928,450,478
LK-1318045,925,459,466
LK-1318050,1503,707,796
LK-1318055,1091,511,580
LK-1318060,1164,589,575
LK-1318065,1619,791,828
LK-1318070,1938,952,986
LK-1318075,1038,486,552
LK-1318080,948,452,496
LK-1318085,746,362,384
LK-1318090,1196,563,633
LK-1318095,1106,518,588
LK-1318100,742,381,361
LK-1318105,1072,535,537
LK-1318110,1308,628,680
LK-1318115,512,248,264
LK-1318120,1569,761,808
LK-1318125,1353,641,712
LK-1318130,1698,844,854
LK-1318135,1841,909,932
LK-1318140,972,436,536
LK-1318145,966,474,492
LK-1318150,1133,567,566
LK-1318155,1037,501,536
LK-1318160,1087,533,554
LK-1318165,1189,573,616
LK-1318170,2169,1041,1128
LK-1318175,573,279,294
LK-1318180,1271,601,670
LK-1318185,647,321,326
LK-1318190,1281,595,686
LK-1318195,803,391,412
LK-1318200,297,141,156
LK-1318205,715,362,353
LK-1318210,426,216,210
LK-1318215,467,222,245
LK-1318220,498,243,255
LK-1321,159697,77267,82430
LK-1321005,924,444,480
LK-1321010,2200,1078,1122
LK-1321015,1386,674,712
LK-1321020,992,478,514
LK-1321025,1710,822,888
LK-1321030,1084,528,556
LK-1321035,1841,853,988
LK-1321040,3118,1499,1619
LK-1321045,1013,491,522
LK-1321050,2568,1248,1320
LK-1321055,2005,990,1015
LK-1321060,1191,567,624
LK-1321065,1525,758,767
LK-1321070,914,441,473
LK-1321075,2685,1312,1373
LK-1321080,1485,713,772
LK-1321085,1714,802,912
LK-1321090,2123,1038,1085
LK-1321095,2258,1101,1157
LK-1321100,2356,1160,1196
LK-1321105,1554,760,794
LK-1321110,1296,648,648
LK-1321115,1474,725,749
LK-1321120,1232,583,649
LK-1321125,2022,1041,981
LK-1321130,2380,1123,1257
LK-1321135,1597,788,809
LK-1321140,677,320,357
LK-1321145,1638,762,876
LK-1321150,1217,571,646
LK-1321155,902,409,493
LK-1321160,774,386,388
LK-1321165,991,501,490
LK-1321170,1185,579,606
LK-1321175,1300,645,655
LK-1321180,1990,958,1032
LK-1321185,2636,1276,1360
LK-1321190,2376,1133,1243
LK-1321195,2739,1313,1426
LK-1321200,1525,715,810
LK-1321205,2574,961,1613
LK-1321210,910,449,461
LK-1321215,2843,1765,1078
LK-1321220,1444,670,774
LK-1321225,3828,1866,1962
LK-1321230,1532,743,789
LK-1321235,1558,733,825
LK-1321240,2580,1261,1319
LK-1321245,2138,976,1162
LK-1321250,1957,950,1007
LK-1321255,2226,1045,1181
LK-1321260,1441,677,764
LK-1321265,2617,1242,1375
LK-1321270,1477,677,800
LK-1321275,1628,744,884
LK-1321280,1721,833,888
LK-1321285,2495,1263,1232
LK-1321290,2049,965,1084
LK-1321295,906,448,458
LK-1321300,978,461,517
LK-1321305,3314,1668,1646
LK-1321310,976,467,509
LK-1321315,2261,1082,1179
LK-1321320,1657,828,829
LK-1321325,2131,1015,1116
LK-1321330,1522,720,802
LK-1321335,1632,794,838
LK-1321340,2051,1022,1029
LK-1321345,2436,1155,1281
LK-1321350,3295,1574,1721
LK-1321355,2116,1017,1099
LK-1321360,2390,1153,1237
LK-1321365,514,266,248
LK-1321370,1018,507,511
LK-1321375,3741,2027,1714
LK-1321380,1813,812,1001
LK-1321385,1361,644,717
LK-1321390,1993,946,1047
LK-1321395,3441,1619,1822
LK-1321400,1894,914,980
LK-1321405,3179,1536,1643
LK-1321410,2438,1205,1233
LK-1321415,1414,698,716
LK-1321420,1209,529,680
LK-1321425,1543,723,820
LK-1321430,966,466,500
LK-1321435,1893,918,975
LK-1324,164969,80599,84370
LK-1324005,1884,869,1015
LK-1324010,1334,650,684
LK-1324015,1437,723,714
LK-1324020,2083,1034,1049
LK-1324025,2847,1391,1456
LK-1324030,1217,599,618
LK-1324035,2206,1079,1127
LK-1324040,2029,982,1047
LK-1324045,1125,553,572
LK-1324050,1879,887,992
LK-1324055,2504,1249,1255
LK-1324060,2017,1009,1008
LK-1324065,991,470,521
LK-1324070,1717,829,888
LK-1324075,1940,890,1050
LK-1324080,1116,518,598
LK-1324085,1186,574,612
LK-1324090,1354,672,682
LK-1324095,2424,1135,1289
LK-1324100,1679,903,776
LK-1324105,1647,808,839
LK-1324110,1023,503,520
LK-1324115,2030,1002,1028
LK-1324120,1827,918,909
LK-1324125,2603,1288,1315
LK-1324130,3045,1475,1570
LK-1324135,2641,1302,1339
LK-1324140,1188,573,615
LK-1324145,1411,666,745
LK-1324150,681,329,352
LK-1324155,1045,520,525
LK-1324160,2015,999,1016
LK-1324165,1421,725,696
LK-1324170,1439,723,716
LK-1324175,1965,997,968
LK-1324180,1364,662,702
LK-1324185,1176,575,601
LK-1324190,3267,1631,1636
LK-1324195,1413,701,712
LK-1324200,3602,1797,1805
LK-1324205,3259,1695,1564
LK-1324210,1234,577,657
LK-1324215,3937,1959,1978
LK-1324220,3383,1661,1722
LK-1324225,1329,682,647
LK-1324230,7297,3461,3836
LK-1324235,2753,1337,1416
LK-1324240,1939,930,1009
LK-1324245,5833,2864,2969
LK-1324250,4235,2210,2025
LK-1324255,1495,739,756
LK-1324260,1031,511,520
LK-1324265,2129,1048,1081
LK-1324270,1433,713,720
LK-1324275,1461,720,741
LK-1324280,1885,915,970
LK-1324285,5910,2973,2937
LK-1324290,2488,1199,1289
LK-1324295,2916,1484,1432
LK-1324300,1319,636,683
LK-1324305,1235,623,612
LK-1324310,1201,616,585
LK-1324315,1279,611,668
LK-1324320,1951,911,1040
LK-1324325,2598,1274,1324
LK-1324330,775,371,404
LK-1324335,1224,426,798
LK-1324340,2442,1155,1287
LK-1324345,1213,576,637
LK-1324350,1494,734,760
LK-1324355,473,229,244
LK-1324360,692,327,365
LK-1324365,3080,1483,1597
LK-1324370,2264,1163,1101
LK-1324375,2176,1023,1153
LK-1324380,2758,1279,1479
LK-1324385,1362,641,721
LK-1324390,1837,856,981
LK-1324395,1374,672,702
LK-1324400,2144,979,1165
LK-1324405,1401,661,740
LK-1324410,958,465,493
LK-1327,63960,30844,33116
LK-1327005,739,347,392
LK-1327010,628,285,343
LK-1327015,903,436,467
LK-1327020,801,400,401
LK-1327025,1128,527,601
LK-1327030,1170,591,579
LK-1327035,1490,717,773
LK-1327040,1217,593,624
LK-1327045,483,252,231
LK-1327050,2162,1069,1093
LK-1327055,1255,612,643
LK-1327060,702,332,370
LK-1327065,1468,698,770
LK-1327070,1483,722,761
LK-1327075,799,391,408
LK-1327080,676,331,345
LK-1327085,1333,672,661
LK-1327090,1492,717,775
LK-1327095,2354,1123,1231
LK-1327100,1735,830,905
LK-1327105,1027,478,549
LK-1327110,1447,688,759
LK-1327115,2432,1183,1249
LK-1327120,1765,855,910
LK-1327125,1179,594,585
LK-1327130,1302,623,679
LK-1327135,894,422,472
LK-1327140,874,419,455
LK-1327145,1244,605,639
LK-1327150,1906,905,1001
LK-1327155,1182,552,630
LK-1327160,1582,762,820
LK-1327165,2520,1252,1268
LK-1327170,2855,1363,1492
LK-1327175,3211,1539,1672
LK-1327180,892,438,454
LK-1327185,2095,1018,1077
LK-1327190,2028,941,1087
LK-1327195,1476,706,770
LK-1327200,1673,810,863
LK-1327205,1126,527,599
LK-1327210,1992,937,1055
LK-1327215,1044,474,570
LK-1327220,1551,771,780
LK-1327225,645,337,308
LK-1330,81286,39257,42029
LK-1330005,864,429,435
LK-1330010,1514,726,788
LK-1330015,666,319,347
LK-1330020,1826,910,916
LK-1330025,2044,1002,1042
LK-1330030,1289,648,641
LK-1330035,1767,828,939
LK-1330040,2278,1130,1148
LK-1330045,2217,1084,1133
LK-1330050,485,231,254
LK-1330055,2180,1086,1094
LK-1330060,2144,1047,1097
LK-1330065,2281,1085,1196
LK-1330070,2022,1003,1019
LK-1330075,1515,720,795
LK-1330080,1005,482,523
LK-1330085,1167,544,623
LK-1330090,2787,1342,1445
LK-1330095,2502,1196,1306
LK-1330100,1608,783,825
LK-1330105,1704,820,884
LK-1330110,1886,917,969
LK-1330115,1643,785,858
LK-1330120,1786,866,920
LK-1330125,1505,723,782
LK-1330130,1525,727,798
LK-1330135,2504,1210,1294
LK-1330140,2214,1034,1180
LK-1330145,1616,778,838
LK-1330150,1323,656,667
LK-1330155,823,390,433
LK-1330160,945,457,488
LK-1330165,1008,476,532
LK-1330170,1678,800,878
LK-1330175,918,441,477
LK-1330180,2791,1342,1449
LK-1330185,2018,913,1105
LK-1330190,1052,522,530
LK-1330195,633,291,342
LK-1330200,823,390,433
LK-1330205,934,444,490
LK-1330210,1145,562,583
LK-1330215,1269,635,634
LK-1330220,828,388,440
LK-1330225,840,400,440
LK-1330230,899,446,453
LK-1330235,1046,521,525
LK-1330240,2080,1018,1062
LK-1330245,550,259,291
LK-1330250,600,297,303
LK-1330255,939,449,490
LK-1330260,1052,529,523
LK-1330265,1278,616,662
LK-1330270,648,303,345
LK-1330275,1152,556,596
LK-1330280,695,325,370
LK-1330285,775,376,399
LK-1333,36669,17498,19171
LK-1333005,1364,630,734
LK-1333010,1712,812,900
LK-1333015,935,441,494
LK-1333020,528,248,280
LK-1333025,1017,507,510
LK-1333030,1617,785,832
LK-1333035,868,408,460
LK-1333040,1167,571,596
LK-1333045,1558,741,817
LK-1333050,1924,932,992
LK-1333055,1609,763,846
LK-1333060,773,366,407
LK-1333065,937,471,466
LK-1333070,1422,689,733
LK-1333075,1378,662,716
LK-1333080,1561,741,820
LK-1333085,1493,682,811
LK-1333090,1182,555,627
LK-1333095,349,161,188
LK-1333100,558,241,317
LK-1333105,952,461,491
LK-1333110,1619,782,837
LK-1333115,790,361,429
LK-1333120,687,340,347
LK-1333125,1007,489,518
LK-1333130,737,354,383
LK-1333135,1075,510,565
LK-1333140,672,314,358
LK-1333145,699,334,365
LK-1333150,917,433,484
LK-1333155,873,407,466
LK-1333160,751,354,397
LK-1333165,1155,575,580
LK-1333170,783,378,405
LK-1336,50801,24977,25824
LK-1336005,561,278,283
LK-1336010,832,432,400
LK-1336015,837,426,411
LK-1336020,778,388,390
LK-1336025,1036,501,535
LK-1336030,1642,794,848
LK-1336035,1409,688,721
LK-1336040,1971,954,1017
LK-1336045,2009,972,1037
LK-1336050,563,264,299
LK-1336055,1004,492,512
LK-1336060,1349,671,678
LK-1336065,1240,594,646
LK-1336070,782,387,395
LK-1336075,2315,1168,1147
LK-1336080,1745,881,864
LK-1336085,1414,678,736
LK-1336090,1072,545,527
LK-1336095,432,189,243
LK-1336100,1340,651,689
LK-1336105,934,471,463
LK-1336110,1496,692,804
LK-1336115,1883,906,977
LK-1336120,2083,1031,1052
LK-1336125,1257,604,653
LK-1336130,1371,656,715
LK-1336135,641,302,339
LK-1336140,1184,588,596
LK-1336145,927,446,481
LK-1336150,1092,547,545
LK-1336155,1826,914,912
LK-1336160,777,378,399
LK-1336165,1022,498,524
LK-1336170,706,342,364
LK-1336175,563,265,298
LK-1336180,1249,628,621
LK-1336185,637,312,325
LK-1336190,1124,534,590
LK-1336195,908,469,439
LK-1336200,103,57,46
LK-1336205,1236,627,609
LK-1336210,395,200,195
LK-1336215,3056,1557,1499
LK-1339,54628,26301,28327
LK-1339005,867,412,455
LK-1339010,1102,527,575
LK-1339015,517,240,277
LK-1339020,406,192,214
LK-1339025,920,448,472
LK-1339030,1123,547,576
LK-1339035,1265,603,662
LK-1339040,1615,761,854
LK-1339045,1136,550,586
LK-1339050,802,380,422
LK-1339055,1354,620,734
LK-1339060,1039,480,559
LK-1339065,977,456,521
LK-1339070,607,302,305
LK-1339075,789,387,402
LK-1339080,724,356,368
LK-1339085,856,414,442
LK-1339090,964,470,494
LK-1339095,922,435,487
LK-1339100,1150,566,584
LK-1339105,875,402,473
LK-1339110,1039,486,553
LK-1339115,634,298,336
LK-1339120,648,293,355
LK-1339125,752,348,404
LK-1339130,1294,597,697
LK-1339135,856,400,456
LK-1339140,603,297,306
LK-1339145,929,440,489
LK-1339150,1183,570,613
LK-1339155,821,413,408
LK-1339160,927,435,492
LK-1339165,1280,649,631
LK-1339170,1174,566,608
LK-1339175,757,384,373
LK-1339180,738,374,364
LK-1339185,954,484,470
LK-1339190,1265,604,661
LK-1339195,771,385,386
LK-1339200,645,296,349
LK-1339205,765,371,394
LK-1339210,631,289,342
LK-1339215,951,458,493
LK-1339220,462,223,239
LK-1339225,926,462,464
LK-1339230,938,438,500
LK-1339235,957,438,519
LK-1339240,833,401,432
LK-1339245,671,310,361
LK-1339250,736,363,373
LK-1339255,1273,619,654
LK-1339260,1624,783,841
LK-1339265,779,382,397
LK-1339270,1174,606,568
LK-1339275,468,228,240
LK-1339280,1154,586,568
LK-1339285,909,439,470
LK-1339290,741,367,374
LK-1339295,538,272,266
LK-1339300,818,399,419
LK-2,2571557,1229795,1341762
LK-21,1375382,655791,719591
LK-2103,37642,18215,19427
LK-2103005,677,320,357
LK-2103010,485,238,247
LK-2103015,604,287,317
LK-2103020,389,206,183
LK-2103025,522,305,217
LK-2103030,581,317,264
LK-2103035,327,176,151
LK-2103040,496,231,265
LK-2103045,766,349,417
LK-2103050,342,173,169
LK-2103055,422,194,228
LK-2103060,617,313,304
LK-2103065,831,382,449
LK-2103070,368,172,196
LK-2103075,756,358,398
LK-2103080,455,242,213
LK-2103085,729,360,369
LK-2103090,777,370,407
LK-2103095,649,311,338
LK-2103100,1043,507,536
LK-2103105,334,161,173
LK-2103110,1162,522,640
LK-2103115,745,380,365
LK-2103120,597,278,319
LK-2103125,448,244,204
LK-2103130,607,279,328
LK-2103135,896,409,487
LK-2103140,556,252,304
LK-2103145,318,155,163
LK-2103150,467,233,234
LK-2103155,351,162,189
LK-2103160,513,239,274
LK-2103165,652,303,349
LK-2103170,623,296,327
LK-2103175,526,254,272
LK-2103180,540,255,285
LK-2103185,442,210,232
LK-2103190,685,333,352
LK-2103195,479,237,242
LK-2103200,766,352,414
LK-2103205,627,301,326
LK-2103210,713,336,377
LK-2103215,392,190,202
LK-2103220,487,265,222
LK-2103225,389,211,178
LK-2103230,453,263,190
LK-2103235,441,234,207
LK-2103240,330,155,175
LK-2103245,352,154,198
LK-2103250,619,290,329
LK-2103255,654,293,361
LK-2103260,421,237,184
LK-2103265,893,456,437
LK-2103270,661,287,374
LK-2103275,740,343,397
LK-2103280,798,367,431
LK-2103285,829,402,427
LK-2103290,699,331,368
LK-2103295,800,388,412
LK-2103300,287,140,147
LK-2103305,534,279,255
LK-2103310,147,68,79
LK-2103315,411,193,218
LK-2103320,676,317,359
LK-2103325,393,178,215
LK-2103330,155,76,79
LK-2103335,198,96,102
LK-2106,57914,27327,30587
LK-2106005,926,459,467
LK-2106010,589,266,323
LK-2106015,887,413,474
LK-2106020,1215,572,643
LK-2106025,1102,527,575
LK-2106030,685,332,353
LK-2106035,747,362,385
LK-2106040,1043,534,509
LK-2106045,1085,518,567
LK-2106050,691,333,358
LK-2106055,627,311,316
LK-2106060,598,316,282
LK-2106065,686,315,371
LK-2106070,825,363,462
LK-2106075,1960,887,1073
LK-2106080,456,209,247
LK-2106085,1792,849,943
LK-2106090,1688,728,960
LK-2106095,832,394,438
LK-2106100,493,226,267
LK-2106105,645,289,356
LK-2106110,385,184,201
LK-2106115,873,419,454
LK-2106120,447,204,243
LK-2106125,976,461,515
LK-2106130,832,392,440
LK-2106135,1273,592,681
LK-2106140,1031,480,551
LK-2106145,655,295,360
LK-2106150,916,444,472
LK-2106155,853,422,431
LK-2106160,1036,475,561
LK-2106165,1059,485,574
LK-2106170,999,476,523
LK-2106175,944,471,473
LK-2106180,584,267,317
LK-2106185,550,261,289
LK-2106190,601,290,311
LK-2106195,837,408,429
LK-2106200,454,214,240
LK-2106205,846,386,460
LK-2106210,748,364,384
LK-2106215,936,419,517
LK-2106220,665,304,361
LK-2106225,978,455,523
LK-2106230,1026,487,539
LK-2106235,510,229,281
LK-2106240,920,428,492
LK-2106245,761,358,403
LK-2106250,598,271,327
LK-2106255,616,299,317
LK-2106260,719,322,397
LK-2106265,746,345,401
LK-2106270,978,475,503
LK-2106275,431,202,229
LK-2106280,979,488,491
LK-2106285,686,332,354
LK-2106290,632,310,322
LK-2106295,510,242,268
LK-2106300,675,321,354
LK-2106305,1134,552,582
LK-2106310,1028,482,546
LK-2106315,1218,562,656
LK-2106320,1284,627,657
LK-2106325,1980,938,1042
LK-2106330,873,414,459
LK-2106335,560,272,288
LK-2109,63397,29940,33457
LK-2109005,1694,797,897
LK-2109010,1566,763,803
LK-2109015,1703,836,867
LK-2109020,1150,580,570
LK-2109025,3835,1828,2007
LK-2109030,1007,493,514
LK-2109035,2087,931,1156
LK-2109040,1301,611,690
LK-2109045,1658,785,873
LK-2109050,1309,635,674
LK-2109055,2015,944,1071
LK-2109060,1260,610,650
LK-2109065,1146,533,613
LK-2109070,1320,601,719
LK-2109075,1053,497,556
LK-2109080,2169,987,1182
LK-2109085,2107,950,1157
LK-2109090,1218,551,667
LK-2109095,2162,988,1174
LK-2109100,2342,1109,1233
LK-2109105,3189,1461,1728
LK-2109110,1845,808,1037
LK-2109115,3106,1401,1705
LK-2109120,2548,1140,1408
LK-2109125,1756,803,953
LK-2109130,2013,974,1039
LK-2109135,736,354,382
LK-2109140,795,326,469
LK-2109145,1717,838,879
LK-2109150,1192,563,629
LK-2109155,832,380,452
LK-2109160,3448,1905,1543
LK-2109165,2228,1139,1089
LK-2109170,1889,876,1013
LK-2109175,2001,943,1058
LK-2112,88725,41920,46805
LK-2112005,1377,627,750
LK-2112010,1289,634,655
LK-2112015,2301,1090,1211
LK-2112020,1031,488,543
LK-2112025,2115,1000,1115
LK-2112030,1256,579,677
LK-2112035,1146,559,587
LK-2112040,965,442,523
LK-2112045,1063,523,540
LK-2112050,764,375,389
LK-2112055,1167,557,610
LK-2112060,1352,600,752
LK-2112065,871,412,459
LK-2112070,2540,1218,1322
LK-2112075,3135,1454,1681
LK-2112080,818,412,406
LK-2112085,1416,699,717
LK-2112090,1129,542,587
LK-2112095,2201,1060,1141
LK-2112100,2015,953,1062
LK-2112105,1306,602,704
LK-2112110,2958,1453,1505
LK-2112115,2481,1163,1318
LK-2112120,1167,520,647
LK-2112125,857,402,455
LK-2112130,1321,632,689
LK-2112135,1179,565,614
LK-2112140,1707,835,872
LK-2112145,1605,790,815
LK-2112150,860,416,444
LK-2112155,1482,719,763
LK-2112160,1151,527,624
LK-2112165,1843,826,1017
LK-2112170,3627,1730,1897
LK-2112175,2739,1306,1433
LK-2112180,4594,2106,2488
LK-2112185,2199,1071,1128
LK-2112190,822,360,462
LK-2112195,1068,514,554
LK-2112200,1343,635,708
LK-2112205,1295,588,707
LK-2112210,1863,908,955
LK-2112215,2022,923,1099
LK-2112220,2570,1251,1319
LK-2112225,2054,965,1089
LK-2112230,1545,727,818
LK-2112235,2363,1054,1309
LK-2112240,2470,1176,1294
LK-2112245,2190,1039,1151
LK-2112250,1883,873,1010
LK-2112255,1175,525,650
LK-2112260,1035,495,540
LK-2115,26294,12213,14081
LK-2115005,4071,1830,2241
LK-2115010,813,380,433
LK-2115015,2314,1031,1283
LK-2115020,2497,1209,1288
LK-2115025,2754,1246,1508
LK-2115030,1061,468,593
LK-2115035,866,394,472
LK-2115040,1539,714,825
LK-2115045,2835,1347,1488
LK-2115050,1636,789,847
LK-2115055,1536,730,806
LK-2115060,1176,586,590
LK-2115065,785,383,402
LK-2115070,2411,1106,1305
LK-2118,22505,11040,11465
LK-2118005,282,148,134
LK-2118010,248,126,122
LK-2118015,116,80,36
LK-2118020,272,136,136
LK-2118025,76,40,36
LK-2118030,385,188,197
LK-2118035,321,153,168
LK-2118040,268,127,141
LK-2118045,351,175,176
LK-2118050,187,89,98
LK-2118055,226,112,114
LK-2118060,362,168,194
LK-2118065,762,362,400
LK-2118070,479,236,243
LK-2118075,430,213,217
LK-2118080,249,127,122
LK-2118085,273,132,141
LK-2118090,356,167,189
LK-2118095,213,120,93
LK-2118100,230,114,116
LK-2118105,440,220,220
LK-2118110,295,132,163
LK-2118115,237,113,124
LK-2118120,461,224,237
LK-2118125,326,143,183
LK-2118130,199,101,98
LK-2118135,588,278,310
LK-2118140,538,279,259
LK-2118145,390,191,199
LK-2118150,1199,649,550
LK-2118155,467,222,245
LK-2118160,336,162,174
LK-2118165,284,136,148
LK-2118170,419,215,204
LK-2118175,636,301,335
LK-2118180,324,152,172
LK-2118185,256,124,132
LK-2118190,222,107,115
LK-2118195,484,227,257
LK-2118200,164,86,78
LK-2118205,280,148,132
LK-2118210,212,99,113
LK-2118215,371,174,197
LK-2118220,293,141,152
LK-2118225,545,261,284
LK-2118230,246,118,128
LK-2118235,260,123,137
LK-2118240,464,229,235
LK-2118245,438,211,227
LK-2118250,195,99,96
LK-2118255,224,113,111
LK-2118260,274,141,133
LK-2118265,271,136,135
LK-2118270,422,199,223
LK-2118275,335,158,177
LK-2118280,414,203,211
LK-2118285,152,83,69
LK-2118290,649,292,357
LK-2118295,806,389,417
LK-2118300,460,214,246
LK-2118305,145,75,70
LK-2118310,320,178,142
LK-2118315,378,181,197
LK-2121,51883,25468,26415
LK-2121005,108,56,52
LK-2121010,198,95,103
LK-2121015,1704,813,891
LK-2121020,1360,672,688
LK-2121025,2174,1060,1114
LK-2121030,1589,790,799
LK-2121035,1138,580,558
LK-2121040,790,389,401
LK-2121045,324,162,162
LK-2121050,107,57,50
LK-2121055,999,476,523
LK-2121060,1185,569,616
LK-2121065,1248,616,632
LK-2121070,1580,737,843
LK-2121075,1423,724,699
LK-2121080,923,464,459
LK-2121085,740,355,385
LK-2121090,1356,694,662
LK-2121095,356,170,186
LK-2121100,1102,511,591
LK-2121105,671,327,344
LK-2121110,839,400,439
LK-2121115,1188,583,605
LK-2121120,804,395,409
LK-2121125,1408,707,701
LK-2121130,817,384,433
LK-2121135,1443,764,679
LK-2121140,1910,959,951
LK-2121145,1416,703,713
LK-2121150,1206,572,634
LK-2121155,1278,606,672
LK-2121160,804,408,396
LK-2121165,1038,500,538
LK-2121170,1661,817,844
LK-2121175,1698,841,857
LK-2121180,828,406,422
LK-2121185,1149,548,601
LK-2121190,1188,569,619
LK-2121195,1134,585,549
LK-2121200,1691,784,907
LK-2121205,1407,709,698
LK-2121210,688,325,363
LK-2121215,688,331,357
LK-2121220,898,440,458
LK-2121225,1129,569,560
LK-2121230,1285,635,650
LK-2121235,620,309,311
LK-2121240,593,302,291
LK-2124,61034,28852,32182
LK-2124005,253,117,136
LK-2124010,800,385,415
LK-2124015,398,189,209
LK-2124020,269,121,148
LK-2124025,698,331,367
LK-2124030,504,231,273
LK-2124035,357,161,196
LK-2124040,319,162,157
LK-2124045,294,159,135
LK-2124050,489,246,243
LK-2124055,282,135,147
LK-2124060,1089,481,608
LK-2124065,773,344,429
LK-2124070,782,356,426
LK-2124075,437,213,224
LK-2124080,332,151,181
LK-2124085,529,255,274
LK-2124090,174,71,103
LK-2124095,596,247,349
LK-2124100,455,210,245
LK-2124105,944,440,504
LK-2124110,336,140,196
LK-2124115,443,203,240
LK-2124120,1012,509,503
LK-2124125,486,242,244
LK-2124130,613,307,306
LK-2124135,286,136,150
LK-2124140,647,294,353
LK-2124145,501,241,260
LK-2124150,797,392,405
LK-2124155,578,270,308
LK-2124160,436,213,223
LK-2124165,768,356,412
LK-2124170,374,189,185
LK-2124175,400,189,211
LK-2124180,493,240,253
LK-2124185,586,287,299
LK-2124190,395,188,207
LK-2124195,493,216,277
LK-2124200,356,156,200
LK-2124205,623,305,318
LK-2124210,651,321,330
LK-2124215,452,240,212
LK-2124220,956,482,474
LK-2124225,955,447,508
LK-2124230,740,353,387
LK-2124235,867,396,471
LK-2124240,760,376,384
LK-2124245,788,351,437
LK-2124250,1417,664,753
LK-2124255,926,462,464
LK-2124260,776,377,399
LK-2124265,493,235,258
LK-2124270,381,175,206
LK-2124275,859,398,461
LK-2124280,852,387,465
LK-2124285,683,327,356
LK-2124290,742,348,394
LK-2124295,500,222,278
LK-2124300,621,316,305
LK-2124305,676,328,348
LK-2124310,737,368,369
LK-2124315,772,339,433
LK-2124320,511,241,270
LK-2124325,579,264,315
LK-2124330,645,312,333
LK-2124335,1069,528,541
LK-2124340,1828,841,987
LK-2124345,1419,662,757
LK-2124350,1621,748,873
LK-2124355,818,396,422
LK-2124360,773,370,403
LK-2124365,757,359,398
LK-2124370,473,225,248
LK-2124375,715,304,411
LK-2124380,1935,910,1025
LK-2124385,937,439,498
LK-2124390,874,443,431
LK-2124395,391,180,211
LK-2124400,711,343,368
LK-2124405,561,282,279
LK-2124410,604,295,309
LK-2124415,658,300,358
LK-2124425,844,402,442
LK-2124430,634,315,319
LK-2124435,450,187,263
LK-2124440,744,333,411
LK-2124445,634,297,337
LK-2124450,442,200,242
LK-2124455,522,247,275
LK-2124460,348,172,176
LK-2124465,261,124,137
LK-2124470,275,143,132
LK-2127,127070,60589,66481
LK-2127005,1312,627,685
LK-2127010,883,421,462
LK-2127015,785,379,406
LK-2127020,1320,618,702
LK-2127025,962,450,512
LK-2127030,864,388,476
LK-2127035,1122,548,574
LK-2127040,1013,490,523
LK-2127045,736,353,383
LK-2127050,922,442,480
LK-2127055,824,400,424
LK-2127060,961,461,500
LK-2127065,1073,502,571
LK-2127070,711,313,398
LK-2127075,605,293,312
LK-2127080,1371,641,730
LK-2127085,910,436,474
LK-2127090,2011,968,1043
LK-2127095,828,397,431
LK-2127100,1496,704,792
LK-2127105,1015,479,536
LK-2127110,968,467,501
LK-2127115,2696,1298,1398
LK-2127120,1837,934,903
LK-2127125,1529,713,816
LK-2127130,1269,623,646
LK-2127135,1301,610,691
LK-2127140,1136,528,608
LK-2127145,983,493,490
LK-2127150,954,416,538
LK-2127155,1441,596,845
LK-2127160,962,476,486
LK-2127165,1368,670,698
LK-2127170,2623,1099,1524
LK-2127175,1692,816,876
LK-2127180,1320,649,671
LK-2127185,893,425,468
LK-2127190,1234,569,665
LK-2127195,1620,781,839
LK-2127200,1031,472,559
LK-2127205,1324,584,740
LK-2127210,1087,535,552
LK-2127215,1213,572,641
LK-2127220,1415,686,729
LK-2127225,1544,741,803
LK-2127230,1077,519,558
LK-2127235,1653,808,845
LK-2127240,990,512,478
LK-2127245,1248,551,697
LK-2127250,1468,688,780
LK-2127255,1684,835,849
LK-2127260,1483,696,787
LK-2127265,1096,493,603
LK-2127270,1663,1046,617
LK-2127275,3111,1502,1609
LK-2127280,2216,1076,1140
LK-2127285,2316,1058,1258
LK-2127290,3450,1379,2071
LK-2127295,1330,606,724
LK-2127300,1575,761,814
LK-2127305,1073,506,567
LK-2127310,659,310,349
LK-2127315,1752,829,923
LK-2127320,874,398,476
LK-2127325,1321,628,693
LK-2127330,944,443,501
LK-2127335,650,311,339
LK-2127340,1075,502,573
LK-2127345,2401,1141,1260
LK-2127350,2241,1086,1155
LK-2127355,4633,2326,2307
LK-2127360,7040,3763,3277
LK-2127365,1929,853,1076
LK-2127370,4164,1711,2453
LK-2127375,1157,549,608
LK-2127380,2589,1215,1374
LK-2127385,1286,626,660
LK-2127390,3185,1543,1642
LK-2127395,2343,1092,1251
LK-2127400,4230,2164,2066
LK-2130,158561,76284,82277
LK-2130005,2514,1156,1358
LK-2130010,1724,803,921
LK-2130015,1842,998,844
LK-2130020,2065,1036,1029
LK-2130025,2270,1087,1183
LK-2130030,3138,1497,1641
LK-2130035,1987,978,1009
LK-2130040,1191,512,679
LK-2130045,1617,776,841
LK-2130050,1599,749,850
LK-2130055,2742,1316,1426
LK-2130060,2149,1022,1127
LK-2130065,2111,1020,1091
LK-2130070,2877,1355,1522
LK-2130075,1602,765,837
LK-2130080,5238,2533,2705
LK-2130085,2244,1214,1030
LK-2130090,2744,1290,1454
LK-2130095,1734,854,880
LK-2130100,2012,922,1090
LK-2130105,1673,877,796
LK-2130110,2315,941,1374
LK-2130115,2219,1022,1197
LK-2130120,2012,1337,675
LK-2130125,1778,863,915
LK-2130130,3220,1531,1689
LK-2130135,1372,690,682
LK-2130140,2001,924,1077
LK-2130145,3195,2391,804
LK-2130150,2412,1096,1316
LK-2130155,3526,1585,1941
LK-2130160,2553,1242,1311
LK-2130165,2392,1097,1295
LK-2130170,2416,1060,1356
LK-2130175,1698,783,915
LK-2130180,2867,1315,1552
LK-2130185,2503,1195,1308
LK-2130190,1578,849,729
LK-2130195,4942,1914,3028
LK-2130200,4127,1945,2182
LK-2130205,4499,2104,2395
LK-2130210,2719,1273,1446
LK-2130215,3726,1824,1902
LK-2130220,1766,890,876
LK-2130225,1705,776,929
LK-2130230,2675,1283,1392
LK-2130235,2080,1030,1050
LK-2130240,6195,2937,3258
LK-2130245,2620,1196,1424
LK-2130250,1700,809,891
LK-2130255,1715,803,912
LK-2130260,2869,1356,1513
LK-2130265,2314,1085,1229
LK-2130270,1435,664,771
LK-2130275,3057,1508,1549
LK-2130280,2565,1190,1375
LK-2130285,1570,755,815
LK-2130290,1127,512,615
LK-2130295,1351,656,695
LK-2130300,2535,1249,1286
LK-2130305,3803,1955,1848
LK-2130310,2515,1201,1314
LK-2130315,2596,1184,1412
LK-2130320,3225,1504,1721
LK-2133,88177,41767,46410
LK-2133005,627,272,355
LK-2133010,528,244,284
LK-2133015,890,415,475
LK-2133020,1500,687,813
LK-2133025,467,212,255
LK-2133030,1116,525,591
LK-2133035,1083,495,588
LK-2133040,919,413,506
LK-2133045,975,467,508
LK-2133050,835,386,449
LK-2133055,676,315,361
LK-2133060,994,472,522
LK-2133065,1066,501,565
LK-2133070,1099,523,576
LK-2133075,1479,707,772
LK-2133080,649,289,360
LK-2133085,799,380,419
LK-2133090,1194,567,627
LK-2133095,1001,494,507
LK-2133100,1016,507,509
LK-2133105,905,426,479
LK-2133110,863,414,449
LK-2133115,647,326,321
LK-2133120,1303,609,694
LK-2133125,1622,737,885
LK-2133130,1272,612,660
LK-2133135,1205,589,616
LK-2133140,870,398,472
LK-2133145,2232,1096,1136
LK-2133150,896,430,466
LK-2133155,553,248,305
LK-2133160,808,391,417
LK-2133165,1030,494,536
LK-2133170,944,453,491
LK-2133175,909,449,460
LK-2133180,1448,681,767
LK-2133185,1605,751,854
LK-2133190,1371,676,695
LK-2133195,1133,525,608
LK-2133200,1002,486,516
LK-2133205,924,435,489
LK-2133210,909,423,486
LK-2133215,890,432,458
LK-2133220,357,177,180
LK-2133225,876,427,449
LK-2133230,719,348,371
LK-2133235,684,307,377
LK-2133240,457,214,243
LK-2133245,696,351,345
LK-2133250,563,225,338
LK-2133255,1050,514,536
LK-2133260,1585,709,876
LK-2133265,1609,753,856
LK-2133270,1730,811,919
LK-2133275,1400,695,705
LK-2133280,1202,557,645
LK-2133285,1736,818,918
LK-2133290,1304,671,633
LK-2133295,2016,923,1093
LK-2133300,2156,1038,1118
LK-2133305,2001,959,1042
LK-2133310,965,417,548
LK-2133315,825,401,424
LK-2133320,700,331,369
LK-2133325,406,198,208
LK-2133330,551,261,290
LK-2133335,904,426,478
LK-2133340,747,327,420
LK-2133345,737,358,379
LK-2133350,598,274,324
LK-2133355,1068,495,573
LK-2133360,1793,860,933
LK-2133365,1185,578,607
LK-2133370,2363,1150,1213
LK-2133375,746,368,378
LK-2133380,837,406,431
LK-2133385,542,252,290
LK-2133390,1020,468,552
LK-2133395,747,337,410
LK-2133400,598,289,309
LK-2133405,840,371,469
LK-2133410,1757,874,883
LK-2133415,726,341,385
LK-2133420,1127,536,591
LK-2134,29986,14242,15744
LK-2134005,354,152,202
LK-2134010,501,244,257
LK-2134015,719,331,388
LK-2134020,493,252,241
LK-2134025,680,319,361
LK-2134030,383,179,204
LK-2134035,841,403,438
LK-2134040,914,444,470
LK-2134045,554,268,286
LK-2134050,451,204,247
LK-2134055,415,165,250
LK-2134060,335,163,172
LK-2134065,542,263,279
LK-2134070,710,337,373
LK-2134075,327,148,179
LK-2134080,643,298,345
LK-2134085,331,155,176
LK-2134090,448,220,228
LK-2134095,1146,539,607
LK-2134100,690,383,307
LK-2134105,494,225,269
LK-2134110,336,158,178
LK-2134115,288,137,151
LK-2134120,548,270,278
LK-2134125,523,243,280
LK-2134130,352,162,190
LK-2134135,515,229,286
LK-2134140,466,215,251
LK-2134145,341,159,182
LK-2134150,451,215,236
LK-2134155,501,250,251
LK-2134160,464,223,241
LK-2134165,524,232,292
LK-2134170,566,273,293
LK-2134175,425,186,239
LK-2134180,242,126,116
LK-2134185,719,341,378
LK-2134190,356,164,192
LK-2134195,406,182,224
LK-2134200,417,195,222
LK-2134205,429,208,221
LK-2134210,920,487,433
LK-2134215,527,242,285
LK-2134220,554,267,287
LK-2134225,560,254,306
LK-2134230,789,352,437
LK-2134235,791,400,391
LK-2134240,395,195,200
LK-2134245,547,260,287
LK-2134250,591,270,321
LK-2134255,427,197,230
LK-2134260,389,195,194
LK-2134265,612,296,316
LK-2134270,604,281,323
LK-2134275,510,245,265
LK-2134280,478,230,248
LK-2134285,452,211,241
LK-2136,106027,50921,55106
LK-2136005,799,376,423
LK-2136010,941,472,469
LK-2136015,575,272,303
LK-2136020,540,266,274
LK-2136025,563,268,295
LK-2136030,1114,563,551
LK-2136035,626,320,306
LK-2136040,840,401,439
LK-2136045,1326,646,680
LK-2136050,1525,695,830
LK-2136055,1268,581,687
LK-2136060,1216,574,642
LK-2136065,923,418,505
LK-2136070,715,323,392
LK-2136075,1365,620,745
LK-2136080,1315,625,690
LK-2136085,1072,462,610
LK-2136090,1228,572,656
LK-2136095,1329,626,703
LK-2136100,817,374,443
LK-2136105,861,405,456
LK-2136110,1497,701,796
LK-2136115,1092,493,599
LK-2136120,696,355,341
LK-2136125,1177,556,621
LK-2136130,880,407,473
LK-2136135,1784,836,948
LK-2136140,882,427,455
LK-2136145,651,303,348
LK-2136150,723,341,382
LK-2136155,768,350,418
LK-2136160,1100,516,584
LK-2136165,535,246,289
LK-2136170,1508,718,790
LK-2136175,643,326,317
LK-2136180,463,195,268
LK-2136185,629,294,335
LK-2136190,482,233,249
LK-2136195,676,332,344
LK-2136200,993,475,518
LK-2136205,902,389,513
LK-2136210,889,403,486
LK-2136215,786,389,397
LK-2136220,1207,552,655
LK-2136225,1746,843,903
LK-2136230,1431,711,720
LK-2136235,1248,605,643
LK-2136240,551,256,295
LK-2136245,1077,508,569
LK-2136250,1047,513,534
LK-2136255,1071,517,554
LK-2136260,1504,688,816
LK-2136265,990,464,526
LK-2136270,1784,861,923
LK-2136275,764,349,415
LK-2136280,1189,548,641
LK-2136285,934,423,511
LK-2136290,1358,649,709
LK-2136295,949,468,481
LK-2136300,783,394,389
LK-2136305,1897,878,1019
LK-2136310,604,290,314
LK-2136315,492,235,257
LK-2136320,742,329,413
LK-2136325,880,401,479
LK-2136330,391,193,198
LK-2136335,718,336,382
LK-2136340,829,406,423
LK-2136345,808,370,438
LK-2136350,765,362,403
LK-2136355,1038,494,544
LK-2136360,709,337,372
LK-2136365,1199,579,620
LK-2136370,1098,507,591
LK-2136375,1032,493,539
LK-2136380,1051,517,534
LK-2136385,969,462,507
LK-2136390,1288,616,672
LK-2136395,3208,1507,1701
LK-2136400,1567,755,812
LK-2136405,1430,689,741
LK-2136410,1894,921,973
LK-2136415,2210,1287,923
LK-2136420,1268,597,671
LK-2136425,1146,509,637
LK-2136430,1583,858,725
LK-2136435,1657,799,858
LK-2136440,2193,1059,1134
LK-2136445,1568,754,814
LK-2136450,1403,691,712
LK-2136455,1629,839,790
LK-2136460,2179,1146,1033
LK-2136465,1089,565,524
LK-2136470,2172,1169,1003
LK-2136475,974,478,496
LK-2139,110905,53554,57351
LK-2139005,634,303,331
LK-2139010,888,415,473
LK-2139015,692,347,345
LK-2139020,650,313,337
LK-2139025,909,437,472
LK-2139030,837,381,456
LK-2139035,1086,546,540
LK-2139040,976,463,513
LK-2139045,849,400,449
LK-2139050,1347,627,720
LK-2139055,1301,682,619
LK-2139060,1927,898,1029
LK-2139065,981,453,528
LK-2139070,835,390,445
LK-2139075,772,365,407
LK-2139080,796,373,423
LK-2139085,566,287,279
LK-2139090,601,283,318
LK-2139095,620,292,328
LK-2139100,796,379,417
LK-2139105,807,395,412
LK-2139110,671,320,351
LK-2139115,1142,551,591
LK-2139120,801,407,394
LK-2139125,1003,487,516
LK-2139130,1108,532,576
LK-2139135,689,319,370
LK-2139140,993,477,516
LK-2139145,1725,1219,506
LK-2139150,1189,557,632
LK-2139155,1112,541,571
LK-2139160,897,432,465
LK-2139165,805,391,414
LK-2139170,746,366,380
LK-2139175,872,433,439
LK-2139180,620,309,311
LK-2139185,788,382,406
LK-2139190,597,285,312
LK-2139195,734,335,399
LK-2139200,544,251,293
LK-2139205,606,282,324
LK-2139210,560,336,224
LK-2139215,679,343,336
LK-2139220,983,478,505
LK-2139225,532,257,275
LK-2139230,930,428,502
LK-2139235,674,302,372
LK-2139240,632,299,333
LK-2139245,583,294,289
LK-2139250,850,400,450
LK-2139255,861,390,471
LK-2139260,724,343,381
LK-2139265,702,324,378
LK-2139270,658,336,322
LK-2139275,738,345,393
LK-2139280,707,340,367
LK-2139285,721,336,385
LK-2139290,693,313,380
LK-2139295,856,409,447
LK-2139300,863,414,449
LK-2139305,844,410,434
LK-2139310,901,433,468
LK-2139315,2028,991,1037
LK-2139320,1190,577,613
LK-2139325,590,275,315
LK-2139330,439,221,218
LK-2139335,805,377,428
LK-2139340,1065,506,559
LK-2139345,1263,619,644
LK-2139350,649,315,334
LK-2139355,545,253,292
LK-2139360,444,213,231
LK-2139365,737,370,367
LK-2139370,242,105,137
LK-2139375,832,405,427
LK-2139380,972,472,500
LK-2139385,1122,522,600
LK-2139390,809,394,415
LK-2139395,902,425,477
LK-2139400,1454,687,767
LK-2139405,882,418,464
LK-2139410,773,356,417
LK-2139415,1467,676,791
LK-2139420,1117,542,575
LK-2139425,873,410,463
LK-2139430,974,439,535
LK-2139435,1013,473,540
LK-2139440,1202,578,624
LK-2139445,1561,736,825
LK-2139450,1032,469,563
LK-2139455,1565,996,569
LK-2139460,844,396,448
LK-2139465,554,274,280
LK-2139470,1297,636,661
LK-2139475,467,216,251
LK-2139480,612,294,318
LK-2139485,805,394,411
LK-2139490,970,459,511
LK-2139495,2058,1027,1031
LK-2139500,1069,514,555
LK-2139505,1821,885,936
LK-2139510,686,325,361
LK-2139515,1646,688,958
LK-2139520,706,329,377
LK-2139525,722,364,358
LK-2139530,675,331,344
LK-2139535,855,434,421
LK-2139540,870,409,461
LK-2139545,895,433,462
LK-2139550,1065,502,563
LK-2139555,648,311,337
LK-2139560,961,439,522
LK-2139565,1183,562,621
LK-2139570,918,417,501
LK-2139575,1524,742,782
LK-2139580,723,339,384
LK-2139585,614,270,344
LK-2139590,988,463,525
LK-2139595,885,412,473
LK-2139600,576,274,302
LK-2139605,353,162,191
LK-2139610,395,184,211
LK-2139615,1061,481,580
LK-2139620,709,333,376
LK-2142,49842,24407,25435
LK-2142005,2127,1009,1118
LK-2142010,1360,670,690
LK-2142015,1629,762,867
LK-2142020,1334,777,557
LK-2142025,1598,764,834
LK-2142030,1242,614,628
LK-2142035,1113,529,584
LK-2142040,2267,1059,1208
LK-2142045,1614,744,870
LK-2142050,2712,1226,1486
LK-2142055,1336,615,721
LK-2142060,1453,742,711
LK-2142065,1322,638,684
LK-2142070,953,464,489
LK-2142075,1665,838,827
LK-2142080,1147,537,610
LK-2142085,2203,1029,1174
LK-2142090,2278,1195,1083
LK-2142095,886,412,474
LK-2142100,1052,498,554
LK-2142105,1221,551,670
LK-2142110,1389,793,596
LK-2142115,1516,816,700
LK-2142120,772,491,281
LK-2142125,1062,522,540
LK-2142130,1691,805,886
LK-2142135,801,372,429
LK-2142140,801,375,426
LK-2142145,878,429,449
LK-2142150,1407,709,698
LK-2142155,996,539,457
LK-2142160,4769,2276,2493
LK-2142165,1248,607,641
LK-2145,58188,28030,30158
LK-2145005,1497,718,779
LK-2145010,764,390,374
LK-2145015,1305,640,665
LK-2145020,1653,794,859
LK-2145025,615,276,339
LK-2145030,622,283,339
LK-2145035,714,350,364
LK-2145040,944,451,493
LK-2145045,657,334,323
LK-2145050,822,392,430
LK-2145055,778,381,397
LK-2145060,565,282,283
LK-2145065,1530,745,785
LK-2145070,466,236,230
LK-2145075,510,257,253
LK-2145080,600,287,313
LK-2145085,1216,587,629
LK-2145090,661,312,349
LK-2145095,886,424,462
LK-2145100,567,263,304
LK-2145105,602,278,324
LK-2145110,751,360,391
LK-2145115,579,286,293
LK-2145120,597,293,304
LK-2145125,687,326,361
LK-2145130,1784,854,930
LK-2145135,1163,551,612
LK-2145140,1872,951,921
LK-2145145,403,185,218
LK-2145150,811,399,412
LK-2145155,792,374,418
LK-2145160,1067,526,541
LK-2145165,913,435,478
LK-2145170,1253,627,626
LK-2145175,838,389,449
LK-2145180,627,320,307
LK-2145185,432,207,225
LK-2145190,613,303,310
LK-2145195,645,326,319
LK-2145200,594,290,304
LK-2145205,494,228,266
LK-2145210,769,367,402
LK-2145215,1233,593,640
LK-2145220,1386,688,698
LK-2145225,978,440,538
LK-2145230,495,237,258
LK-2145235,786,383,403
LK-2145240,600,272,328
LK-2145245,474,218,256
LK-2145250,619,284,335
LK-2145255,677,325,352
LK-2145260,949,463,486
LK-2145265,733,342,391
LK-2145270,753,355,398
LK-2145275,534,263,271
LK-2145280,448,194,254
LK-2145285,1047,485,562
LK-2145290,496,232,264
LK-2145295,1217,606,611
LK-2145300,973,452,521
LK-2145305,593,278,315
LK-2145310,589,274,315
LK-2145315,718,319,399
LK-2145320,553,275,278
LK-2145325,506,233,273
LK-2145330,1016,489,527
LK-2145335,809,406,403
LK-2145340,642,318,324
LK-2145345,472,237,235
LK-2145350,568,264,304
LK-2145355,422,205,217
LK-2145360,620,317,303
LK-2145365,624,306,318
LK-2148,30345,14179,16166
LK-2148005,1946,945,1001
LK-2148010,983,444,539
LK-2148015,1208,561,647
LK-2148020,3521,1627,1894
LK-2148025,1882,866,1016
LK-2148030,2527,1209,1318
LK-2148035,1145,525,620
LK-2148040,567,281,286
LK-2148045,895,450,445
LK-2148050,663,310,353
LK-2148055,859,427,432
LK-2148060,697,307,390
LK-2148065,1319,570,749
LK-2148070,1368,636,732
LK-2148075,2207,1049,1158
LK-2148080,218,113,105
LK-2148085,781,371,410
LK-2148090,1076,461,615
LK-2148095,625,280,345
LK-2148100,443,214,229
LK-2148105,491,230,261
LK-2148110,596,270,326
LK-2148115,410,190,220
LK-2148120,581,253,328
LK-2148125,416,210,206
LK-2148130,300,144,156
LK-2148135,513,238,275
LK-2148140,1121,515,606
LK-2148145,987,483,504
LK-2151,91716,42716,49000
LK-2151005,4031,1871,2160
LK-2151010,1879,873,1006
LK-2151015,2029,920,1109
LK-2151020,1036,483,553
LK-2151025,846,410,436
LK-2151030,850,412,438
LK-2151035,1167,541,626
LK-2151040,1300,609,691
LK-2151045,1202,561,641
LK-2151050,1849,921,928
LK-2151055,1200,584,616
LK-2151060,3156,1472,1684
LK-2151065,2758,1289,1469
LK-2151070,2091,964,1127
LK-2151075,1783,836,947
LK-2151080,1123,536,587
LK-2151085,1155,500,655
LK-2151090,2210,978,1232
LK-2151095,1894,895,999
LK-2151100,2705,1197,1508
LK-2151105,1828,885,943
LK-2151110,1619,775,844
LK-2151115,2410,1066,1344
LK-2151120,781,363,418
LK-2151125,1894,871,1023
LK-2151130,1629,783,846
LK-2151135,1524,717,807
LK-2151140,1547,707,840
LK-2151145,1453,683,770
LK-2151150,1001,456,545
LK-2151155,1315,607,708
LK-2151160,882,409,473
LK-2151165,1946,903,1043
LK-2151170,657,324,333
LK-2151175,1541,717,824
LK-2151180,2502,1160,1342
LK-2151185,1241,561,680
LK-2151190,3231,1480,1751
LK-2151195,2254,1086,1168
LK-2151200,2484,1146,1338
LK-2151205,1811,885,926
LK-2151210,5878,2729,3149
LK-2151215,1683,750,933
LK-2151220,866,402,464
LK-2151225,4687,2198,2489
LK-2151230,2268,1133,1135
LK-2151235,1181,519,662
LK-2151240,906,418,488
LK-2151245,2433,1131,1302
LK-2154,55254,26539,28715
LK-2154005,1153,562,591
LK-2154010,849,425,424
LK-2154015,2366,1135,1231
LK-2154020,2644,1279,1365
LK-2154025,2629,1320,1309
LK-2154030,1972,948,1024
LK-2154035,2419,1131,1288
LK-2154040,971,472,499
LK-2154045,1837,873,964
LK-2154050,1941,919,1022
LK-2154055,2320,1086,1234
LK-2154060,1292,601,691
LK-2154065,1104,551,553
LK-2154070,1824,865,959
LK-2154075,1356,643,713
LK-2154080,1921,934,987
LK-2154085,590,299,291
LK-2154090,1582,760,822
LK-2154095,1171,562,609
LK-2154100,1137,533,604
LK-2154105,1539,706,833
LK-2154110,2177,1004,1173
LK-2154115,2015,958,1057
LK-2154120,1245,596,649
LK-2154125,1866,942,924
LK-2154130,1600,778,822
LK-2154135,3732,1729,2003
LK-2154140,2084,984,1100
LK-2154145,1807,862,945
LK-2154150,2380,1183,1197
LK-2154155,1731,899,832
LK-2157,59917,27588,32329
LK-2157005,1684,793,891
LK-2157010,2129,968,1161
LK-2157015,1824,810,1014
LK-2157020,2531,1125,1406
LK-2157025,1369,605,764
LK-2157030,1273,586,687
LK-2157035,1581,720,861
LK-2157040,1884,862,1022
LK-2157045,1193,571,622
LK-2157050,1640,761,879
LK-2157055,3144,1444,1700
LK-2157060,2535,1176,1359
LK-2157065,4186,1940,2246
LK-2157070,2095,988,1107
LK-2157075,2664,1278,1386
LK-2157080,1654,777,877
LK-2157085,6312,2897,3415
LK-2157090,2372,1060,1312
LK-2157095,1315,608,707
LK-2157100,1511,678,833
LK-2157105,1167,541,626
LK-2157110,1039,484,555
LK-2157115,1091,505,586
LK-2157120,2213,998,1215
LK-2157125,2997,1389,1608
LK-2157130,667,283,384
LK-2157135,1080,479,601
LK-2157140,1915,916,999
LK-2157145,2852,1346,1506
LK-22,484531,233657,250874
LK-2203,70042,33619,36423
LK-2203005,1406,677,729
LK-2203010,1072,524,548
LK-2203015,831,401,430
LK-2203020,1045,506,539
LK-2203025,1950,938,1012
LK-2203030,708,365,343
LK-2203035,1424,695,729
LK-2203040,2190,1097,1093
LK-2203045,2575,1226,1349
LK-2203050,1397,691,706
LK-2203055,1042,524,518
LK-2203060,1072,520,552
LK-2203065,1293,655,638
LK-2203070,1731,853,878
LK-2203075,969,458,511
LK-2203080,789,383,406
LK-2203085,839,388,451
LK-2203090,639,329,310
LK-2203095,1488,694,794
LK-2203100,822,405,417
LK-2203105,1981,947,1034
LK-2203110,1299,632,667
LK-2203115,1679,797,882
LK-2203120,967,467,500
LK-2203125,1518,686,832
LK-2203130,1031,496,535
LK-2203135,1155,546,609
LK-2203140,1407,640,767
LK-2203145,611,287,324
LK-2203150,840,399,441
LK-2203155,1272,596,676
LK-2203160,1188,580,608
LK-2203165,1927,926,1001
LK-2203170,1177,602,575
LK-2203175,1165,544,621
LK-2203180,1371,684,687
LK-2203185,2099,1007,1092
LK-2203190,1238,598,640
LK-2203195,1227,603,624
LK-2203200,1253,635,618
LK-2203205,903,438,465
LK-2203210,921,463,458
LK-2203215,588,272,316
LK-2203220,1171,565,606
LK-2203225,1541,704,837
LK-2203230,999,491,508
LK-2203235,1159,552,607
LK-2203240,876,414,462
LK-2203245,696,296,400
LK-2203250,523,242,281
LK-2203255,1090,523,567
LK-2203260,761,354,407
LK-2203265,1484,663,821
LK-2203270,634,304,330
LK-2203275,922,449,473
LK-2203280,1307,608,699
LK-2203285,830,364,466
LK-2203290,981,460,521
LK-2203295,969,456,513
LK-2206,72306,36307,35999
LK-2206005,586,283,303
LK-2206010,608,319,289
LK-2206015,731,372,359
LK-2206020,550,268,282
LK-2206025,1150,596,554
LK-2206030,1250,653,597
LK-2206035,1568,778,790
LK-2206040,906,450,456
LK-2206045,766,400,366
LK-2206050,800,401,399
LK-2206055,906,460,446
LK-2206060,759,390,369
LK-2206065,621,341,280
LK-2206070,1929,1032,897
LK-2206075,655,317,338
LK-2206080,2522,1280,1242
LK-2206085,871,436,435
LK-2206090,1307,647,660
LK-2206095,1166,568,598
LK-2206100,1510,735,775
LK-2206105,1104,520,584
LK-2206110,1122,543,579
LK-2206115,1334,615,719
LK-2206120,2237,1136,1101
LK-2206125,2222,1115,1107
LK-2206130,1037,615,422
LK-2206135,881,435,446
LK-2206140,896,447,449
LK-2206145,1870,936,934
LK-2206150,1100,520,580
LK-2206155,569,287,282
LK-2206160,1890,939,951
LK-2206165,1245,583,662
LK-2206170,4864,2621,2243
LK-2206175,1052,526,526
LK-2206180,1502,728,774
LK-2206185,2235,1124,1111
LK-2206190,1724,855,869
LK-2206195,2433,1199,1234
LK-2206200,1088,538,550
LK-2206205,830,394,436
LK-2206210,413,201,212
LK-2206215,1534,766,768
LK-2206220,704,334,370
LK-2206225,1467,793,674
LK-2206230,1127,555,572
LK-2206235,928,457,471
LK-2206240,821,384,437
LK-2206245,796,400,396
LK-2206250,828,424,404
LK-2206255,714,333,381
LK-2206260,1719,841,878
LK-2206265,559,284,275
LK-2206270,1257,619,638
LK-2206275,428,213,215
LK-2206280,1573,773,800
LK-2206285,979,512,467
LK-2206290,1149,552,597
LK-2206295,914,464,450
LK-2209,30884,15088,15796
LK-2209005,225,112,113
LK-2209010,652,323,329
LK-2209015,703,353,350
LK-2209020,509,260,249
LK-2209025,333,162,171
LK-2209030,279,137,142
LK-2209035,374,182,192
LK-2209040,430,214,216
LK-2209045,732,359,373
LK-2209050,392,199,193
LK-2209055,435,216,219
LK-2209060,497,237,260
LK-2209065,810,389,421
LK-2209070,452,216,236
LK-2209075,833,398,435
LK-2209080,517,245,272
LK-2209085,899,441,458
LK-2209090,305,139,166
LK-2209095,814,410,404
LK-2209100,2131,1053,1078
LK-2209105,577,267,310
LK-2209110,523,251,272
LK-2209115,571,279,292
LK-2209120,526,254,272
LK-2209125,463,228,235
LK-2209130,555,264,291
LK-2209135,333,179,154
LK-2209140,547,282,265
LK-2209145,297,145,152
LK-2209150,846,414,432
LK-2209155,543,271,272
LK-2209160,447,217,230
LK-2209165,372,180,192
LK-2209170,950,435,515
LK-2209175,1229,601,628
LK-2209180,868,436,432
LK-2209185,390,188,202
LK-2209190,255,120,135
LK-2209195,564,281,283
LK-2209200,807,384,423
LK-2209205,381,182,199
LK-2209210,592,267,325
LK-2209215,910,424,486
LK-2209220,899,435,464
LK-2209225,540,264,276
LK-2209230,800,409,391
LK-2209235,896,455,441
LK-2209240,670,312,358
LK-2209245,203,112,91
LK-2209250,227,112,115
LK-2209255,117,65,52
LK-2209260,664,330,334
LK-2212,29565,14022,15543
LK-2212005,671,287,384
LK-2212010,693,332,361
LK-2212015,1192,577,615
LK-2212020,920,438,482
LK-2212025,676,329,347
LK-2212030,808,379,429
LK-2212035,1062,529,533
LK-2212040,756,356,400
LK-2212045,501,235,266
LK-2212050,607,310,297
LK-2212055,463,234,229
LK-2212060,584,263,321
LK-2212065,772,395,377
LK-2212070,568,255,313
LK-2212075,498,237,261
LK-2212080,467,221,246
LK-2212085,564,269,295
LK-2212090,835,399,436
LK-2212095,460,219,241
LK-2212100,719,325,394
LK-2212105,465,213,252
LK-2212110,710,336,374
LK-2212115,990,453,537
LK-2212120,642,301,341
LK-2212125,611,294,317
LK-2212130,519,238,281
LK-2212135,659,303,356
LK-2212140,751,347,404
LK-2212145,1086,505,581
LK-2212150,682,325,357
LK-2212155,568,268,300
LK-2212160,607,310,297
LK-2212165,325,151,174
LK-2212170,501,251,250
LK-2212175,560,274,286
LK-2212180,523,245,278
LK-2212185,952,437,515
LK-2212190,674,338,336
LK-2212195,742,358,384
LK-2212200,493,239,254
LK-2212205,567,273,294
LK-2212210,351,161,190
LK-2212215,583,258,325
LK-2212220,1188,555,633
LK-2215,30242,14496,15746
LK-2215005,712,298,414
LK-2215010,659,328,331
LK-2215015,651,337,314
LK-2215020,468,224,244
LK-2215025,1303,646,657
LK-2215030,1176,574,602
LK-2215035,323,146,177
LK-2215040,363,187,176
LK-2215045,519,243,276
LK-2215050,728,360,368
LK-2215055,373,185,188
LK-2215060,249,115,134
LK-2215065,377,186,191
LK-2215070,804,406,398
LK-2215075,1078,511,567
LK-2215080,525,223,302
LK-2215085,684,322,362
LK-2215090,470,223,247
LK-2215095,809,379,430
LK-2215100,467,223,244
LK-2215105,493,252,241
LK-2215110,611,296,315
LK-2215115,594,292,302
LK-2215120,1164,573,591
LK-2215125,485,225,260
LK-2215130,1284,607,677
LK-2215135,485,235,250
LK-2215140,590,285,305
LK-2215145,503,223,280
LK-2215150,217,102,115
LK-2215155,583,279,304
LK-2215160,424,204,220
LK-2215165,380,178,202
LK-2215170,545,261,284
LK-2215175,445,188,257
LK-2215180,659,320,339
LK-2215185,341,165,176
LK-2215190,535,252,283
LK-2215195,441,204,237
LK-2215200,430,193,237
LK-2215205,277,135,142
LK-2215210,384,187,197
LK-2215215,576,269,307
LK-2215220,507,259,248
LK-2215225,418,209,209
LK-2215230,373,188,185
LK-2215235,338,161,177
LK-2215240,226,107,119
LK-2215245,354,165,189
LK-2215250,326,157,169
LK-2215255,455,232,223
LK-2215260,471,232,239
LK-2215265,343,159,184
LK-2215270,473,233,240
LK-2215275,393,180,213
LK-2215280,381,173,208
LK-2218,74864,35550,39314
LK-2218005,774,384,390
LK-2218010,1703,792,911
LK-2218015,830,417,413
LK-2218020,1331,690,641
LK-2218025,1367,660,707
LK-2218030,420,197,223
LK-2218035,818,413,405
LK-2218040,749,376,373
LK-2218045,992,487,505
LK-2218050,1113,512,601
LK-2218055,425,204,221
LK-2218060,968,440,528
LK-2218065,634,305,329
LK-2218070,565,281,284
LK-2218075,797,352,445
LK-2218080,658,313,345
LK-2218085,1018,470,548
LK-2218090,488,238,250
LK-2218095,1989,959,1030
LK-2218100,882,424,458
LK-2218105,1069,509,560
LK-2218110,804,380,424
LK-2218115,798,395,403
LK-2218120,1709,793,916
LK-2218125,1395,663,732
LK-2218130,1672,792,880
LK-2218135,986,488,498
LK-2218140,4232,2024,2208
LK-2218145,849,416,433
LK-2218150,3378,1591,1787
LK-2218155,4044,1892,2152
LK-2218160,2263,1061,1202
LK-2218165,1776,833,943
LK-2218170,880,418,462
LK-2218175,1104,522,582
LK-2218180,2386,1175,1211
LK-2218185,1918,872,1046
LK-2218190,4521,2190,2331
LK-2218195,1444,689,755
LK-2218200,2903,1373,1530
LK-2218205,1359,610,749
LK-2218210,842,394,448
LK-2218215,1274,591,683
LK-2218220,1608,730,878
LK-2218225,1579,786,793
LK-2218230,2918,1343,1575
LK-2218235,1356,625,731
LK-2218240,852,395,457
LK-2218245,1016,465,551
LK-2218250,1035,496,539
LK-2218255,810,372,438
LK-2218260,1563,753,810
LK-2221,15643,7324,8319
LK-2221005,869,434,435
LK-2221010,1307,565,742
LK-2221015,560,253,307
LK-2221020,898,419,479
LK-2221025,524,228,296
LK-2221030,544,257,287
LK-2221035,751,367,384
LK-2221040,277,150,127
LK-2221045,599,295,304
LK-2221050,490,241,249
LK-2221055,843,385,458
LK-2221060,1695,814,881
LK-2221065,1038,469,569
LK-2221070,406,176,230
LK-2221075,628,308,320
LK-2221080,1262,598,664
LK-2221085,1148,523,625
LK-2221090,650,301,349
LK-2221095,572,275,297
LK-2221100,582,266,316
LK-2224,12110,6217,5893
LK-2224005,332,188,144
LK-2224010,721,381,340
LK-2224015,547,297,250
LK-2224020,673,334,339
LK-2224025,411,219,192
LK-2224030,458,239,219
LK-2224035,611,314,297
LK-2224040,937,456,481
LK-2224045,568,294,274
LK-2224050,380,192,188
LK-2224055,489,244,245
LK-2224060,56,26,30
LK-2224065,80,38,42
LK-2224070,346,176,170
LK-2224075,194,102,92
LK-2224080,213,115,98
LK-2224085,144,76,68
LK-2224090,177,82,95
LK-2224095,197,107,90
LK-2224100,63,30,33
LK-2224105,502,267,235
LK-2224110,202,99,103
LK-2224115,439,233,206
LK-2224120,323,163,160
LK-2224125,208,113,95
LK-2224130,75,42,33
LK-2224135,345,179,166
LK-2224140,296,140,156
LK-2224145,410,215,195
LK-2224150,171,86,85
LK-2224155,132,68,64
LK-2224160,140,69,71
LK-2224165,169,92,77
LK-2224170,135,71,64
LK-2224175,435,212,223
LK-2224180,301,152,149
LK-2224185,230,106,124
LK-2227,29494,14682,14812
LK-2227005,275,140,135
LK-2227010,755,356,399
LK-2227015,600,301,299
LK-2227020,606,317,289
LK-2227025,546,278,268
LK-2227030,364,163,201
LK-2227035,781,400,381
LK-2227040,743,362,381
LK-2227045,686,333,353
LK-2227050,397,199,198
LK-2227055,677,342,335
LK-2227060,868,447,421
LK-2227065,945,471,474
LK-2227070,886,418,468
LK-2227075,831,409,422
LK-2227080,759,386,373
LK-2227085,656,326,330
LK-2227090,878,456,422
LK-2227095,266,137,129
LK-2227100,813,416,397
LK-2227105,253,127,126
LK-2227110,1922,976,946
LK-2227115,913,456,457
LK-2227120,780,373,407
LK-2227125,394,193,201
LK-2227130,579,277,302
LK-2227135,1130,576,554
LK-2227140,828,416,412
LK-2227145,438,247,191
LK-2227150,1060,514,546
LK-2227155,1483,753,730
LK-2227160,780,375,405
LK-2227165,516,264,252
LK-2227170,1376,668,708
LK-2227175,1063,508,555
LK-2227180,951,457,494
LK-2227185,851,418,433
LK-2227190,675,339,336
LK-2227195,170,88,82
LK-2230,51354,24239,27115
LK-2230005,763,359,404
LK-2230010,756,337,419
LK-2230015,1300,624,676
LK-2230020,1433,671,762
LK-2230025,1005,481,524
LK-2230030,1389,624,765
LK-2230035,1761,842,919
LK-2230040,752,341,411
LK-2230045,714,331,383
LK-2230050,628,293,335
LK-2230055,680,318,362
LK-2230060,1019,472,547
LK-2230065,770,370,400
LK-2230070,829,408,421
LK-2230075,795,392,403
LK-2230080,519,261,258
LK-2230085,959,460,499
LK-2230090,1724,782,942
LK-2230095,836,400,436
LK-2230100,1251,580,671
LK-2230105,818,388,430
LK-2230110,933,455,478
LK-2230115,2619,1222,1397
LK-2230120,1135,558,577
LK-2230125,803,345,458
LK-2230130,575,287,288
LK-2230135,539,251,288
LK-2230140,798,394,404
LK-2230145,1214,570,644
LK-2230150,725,337,388
LK-2230155,622,300,322
LK-2230160,1027,454,573
LK-2230165,606,295,311
LK-2230170,676,313,363
LK-2230175,520,259,261
LK-2230180,506,249,257
LK-2230185,738,357,381
LK-2230190,704,326,378
LK-2230195,942,446,496
LK-2230200,1653,780,873
LK-2230205,1070,495,575
LK-2230210,895,414,481
LK-2230215,529,259,270
LK-2230220,864,397,467
LK-2230225,1516,728,788
LK-2230230,909,406,503
LK-2230235,1053,507,546
LK-2230240,1281,606,675
LK-2230245,1233,598,635
LK-2230250,434,208,226
LK-2230255,491,225,266
LK-2230260,973,482,491
LK-2230265,674,335,339
LK-2230270,1396,647,749
LK-2233,68027,32113,35914
LK-2233005,491,244,247
LK-2233010,183,83,100
LK-2233015,610,282,328
LK-2233020,445,215,230
LK-2233025,210,118,92
LK-2233030,387,193,194
LK-2233035,362,171,191
LK-2233040,479,232,247
LK-2233045,362,164,198
LK-2233050,424,202,222
LK-2233055,504,244,260
LK-2233060,715,333,382
LK-2233065,336,162,174
LK-2233070,632,300,332
LK-2233075,458,201,257
LK-2233080,440,214,226
LK-2233085,688,334,354
LK-2233090,542,268,274
LK-2233095,844,412,432
LK-2233100,939,431,508
LK-2233105,1632,777,855
LK-2233110,1917,911,1006
LK-2233115,1538,731,807
LK-2233120,478,220,258
LK-2233125,592,287,305
LK-2233130,505,239,266
LK-2233135,918,441,477
LK-2233140,1624,782,842
LK-2233145,1478,729,749
LK-2233150,2240,1060,1180
LK-2233155,894,405,489
LK-2233160,1141,525,616
LK-2233165,980,459,521
LK-2233170,1405,676,729
LK-2233175,1470,692,778
LK-2233180,2118,990,1128
LK-2233185,1827,890,937
LK-2233190,1472,689,783
LK-2233195,1088,480,608
LK-2233200,2170,1017,1153
LK-2233205,884,417,467
LK-2233210,1064,501,563
LK-2233215,636,310,326
LK-2233220,880,428,452
LK-2233225,2162,1011,1151
LK-2233230,2168,1060,1108
LK-2233235,748,345,403
LK-2233240,822,403,419
LK-2233245,671,331,340
LK-2233250,1446,678,768
LK-2233255,981,443,538
LK-2233260,511,249,262
LK-2233265,399,195,204
LK-2233270,664,326,338
LK-2233275,595,278,317
LK-2233280,439,207,232
LK-2233285,1487,665,822
LK-2233290,1098,474,624
LK-2233295,2454,1131,1323
LK-2233300,640,273,367
LK-2233305,640,284,356
LK-2233310,864,407,457
LK-2233315,477,218,259
LK-2233320,915,419,496
LK-2233325,1204,602,602
LK-2233330,1089,504,585
LK-2233335,682,323,359
LK-2233340,609,297,312
LK-2233345,557,257,300
LK-2233350,1322,643,679
LK-2233355,416,188,228
LK-2233360,497,241,256
LK-2233365,468,202,266
LK-23,711644,340347,371297
LK-2303,101180,48527,52653
LK-2303005,464,209,255
LK-2303010,659,316,343
LK-2303015,1563,693,870
LK-2303020,730,333,397
LK-2303025,1010,452,558
LK-2303030,949,460,489
LK-2303035,528,254,274
LK-2303040,992,468,524
LK-2303045,1359,649,710
LK-2303050,1727,826,901
LK-2303055,3353,1636,1717
LK-2303060,1672,825,847
LK-2303065,2947,1470,1477
LK-2303070,2027,957,1070
LK-2303075,1519,724,795
LK-2303080,1021,497,524
LK-2303085,1033,519,514
LK-2303090,852,395,457
LK-2303095,1108,519,589
LK-2303100,1115,527,588
LK-2303105,432,207,225
LK-2303110,795,386,409
LK-2303115,289,144,145
LK-2303120,332,153,179
LK-2303125,560,257,303
LK-2303130,951,431,520
LK-2303135,1789,823,966
LK-2303140,1800,832,968
LK-2303145,1099,514,585
LK-2303150,1714,798,916
LK-2303155,1504,756,748
LK-2303160,359,174,185
LK-2303165,1202,571,631
LK-2303170,759,374,385
LK-2303175,602,283,319
LK-2303180,984,501,483
LK-2303185,897,428,469
LK-2303190,292,131,161
LK-2303195,313,161,152
LK-2303200,58,33,25
LK-2303205,408,199,209
LK-2303210,360,181,179
LK-2303215,622,294,328
LK-2303220,483,241,242
LK-2303225,447,209,238
LK-2303230,1087,495,592
LK-2303235,680,335,345
LK-2303240,666,310,356
LK-2303245,2368,1158,1210
LK-2303250,2512,1225,1287
LK-2303255,1077,571,506
LK-2303260,366,197,169
LK-2303265,690,346,344
LK-2303270,413,184,229
LK-2303275,418,201,217
LK-2303280,553,264,289
LK-2303285,610,300,310
LK-2303290,561,274,287
LK-2303295,1127,527,600
LK-2303300,609,295,314
LK-2303305,1348,673,675
LK-2303310,2925,1365,1560
LK-2303315,309,145,164
LK-2303320,508,246,262
LK-2303325,542,257,285
LK-2303330,289,127,162
LK-2303335,660,321,339
LK-2303340,496,239,257
LK-2303345,651,326,325
LK-2303350,745,357,388
LK-2303355,546,278,268
LK-2303360,596,293,303
LK-2303365,288,151,137
LK-2303370,1422,699,723
LK-2303375,3094,1561,1533
LK-2303380,963,476,487
LK-2303385,595,296,299
LK-2303390,696,327,369
LK-2303395,3897,1891,2006
LK-2303400,2831,1344,1487
LK-2303405,1119,513,606
LK-2303410,3151,1474,1677
LK-2303415,461,222,239
LK-2303420,2185,1067,1118
LK-2303425,464,223,241
LK-2303430,431,204,227
LK-2303435,660,314,346
LK-2303440,904,438,466
LK-2303445,517,256,261
LK-2303450,468,212,256
LK-2303455,1229,545,684
LK-2303460,1678,769,909
LK-2303465,247,130,117
LK-2303470,585,288,297
LK-2303475,1412,678,734
LK-2303480,2852,1330,1522
LK-2306,88528,42156,46372
LK-2306005,452,217,235
LK-2306010,570,278,292
LK-2306015,828,390,438
LK-2306020,991,482,509
LK-2306025,1240,591,649
LK-2306030,626,305,321
LK-2306035,672,314,358
LK-2306040,170,82,88
LK-2306045,348,172,176
LK-2306050,172,75,97
LK-2306055,809,373,436
LK-2306060,799,367,432
LK-2306065,704,351,353
LK-2306070,976,460,516
LK-2306075,398,179,219
LK-2306080,552,252,300
LK-2306085,504,224,280
LK-2306090,800,374,426
LK-2306095,393,198,195
LK-2306100,719,353,366
LK-2306105,317,163,154
LK-2306110,447,211,236
LK-2306115,491,221,270
LK-2306120,489,233,256
LK-2306125,589,292,297
LK-2306130,848,409,439
LK-2306135,427,214,213
LK-2306140,885,500,385
LK-2306145,532,249,283
LK-2306150,774,371,403
LK-2306155,738,352,386
LK-2306160,708,320,388
LK-2306165,994,451,543
LK-2306170,764,351,413
LK-2306175,689,322,367
LK-2306180,623,298,325
LK-2306185,695,375,320
LK-2306190,642,294,348
LK-2306195,701,352,349
LK-2306200,736,340,396
LK-2306205,658,297,361
LK-2306210,512,240,272
LK-2306215,434,206,228
LK-2306220,773,379,394
LK-2306225,1441,663,778
LK-2306230,478,224,254
LK-2306235,711,363,348
LK-2306240,576,245,331
LK-2306245,744,352,392
LK-2306250,481,222,259
LK-2306255,618,291,327
LK-2306260,278,130,148
LK-2306265,532,258,274
LK-2306270,587,261,326
LK-2306275,619,302,317
LK-2306280,380,191,189
LK-2306285,251,123,128
LK-2306290,447,198,249
LK-2306295,1628,790,838
LK-2306300,937,437,500
LK-2306305,387,185,202
LK-2306310,546,259,287
LK-2306315,749,345,404
LK-2306320,1995,974,1021
LK-2306325,671,330,341
LK-2306330,748,337,411
LK-2306335,308,146,162
LK-2306340,792,365,427
LK-2306345,718,345,373
LK-2306350,487,229,258
LK-2306355,495,244,251
LK-2306360,608,277,331
LK-2306365,582,279,303
LK-2306370,851,399,452
LK-2306375,428,216,212
LK-2306380,408,207,201
LK-2306385,486,245,241
LK-2306390,382,186,196
LK-2306395,468,230,238
LK-2306400,386,159,227
LK-2306405,362,159,203
LK-2306410,378,181,197
LK-2306415,183,83,100
LK-2306420,506,242,264
LK-2306425,443,207,236
LK-2306430,3203,1489,1714
LK-2306435,366,172,194
LK-2306440,658,308,350
LK-2306445,467,229,238
LK-2306450,799,388,411
LK-2306455,885,413,472
LK-2306460,643,296,347
LK-2306465,289,117,172
LK-2306470,633,299,334
LK-2306475,711,334,377
LK-2306480,790,361,429
LK-2306485,696,326,370
LK-2306490,599,279,320
LK-2306495,824,380,444
LK-2306500,668,307,361
LK-2306505,643,303,340
LK-2306510,134,75,59
LK-2306515,1853,878,975
LK-2306520,2334,1133,1201
LK-2306525,166,76,90
LK-2306530,1232,561,671
LK-2306535,442,219,223
LK-2306540,793,381,412
LK-2306545,519,229,290
LK-2306550,776,366,410
LK-2306555,291,136,155
LK-2306560,384,172,212
LK-2306565,250,124,126
LK-2306570,568,271,297
LK-2306575,3112,1522,1590
LK-2306580,214,112,102
LK-2306585,343,147,196
LK-2306590,472,217,255
LK-2306595,600,275,325
LK-2306600,293,145,148
LK-2306605,511,248,263
LK-2306610,536,266,270
LK-2306615,664,320,344
LK-2306620,525,268,257
LK-2306625,458,230,228
LK-2306630,480,220,260
LK-2306635,1311,644,667
LK-2306640,935,479,456
LK-2306645,913,458,455
LK-2306650,551,272,279
LK-2306655,730,355,375
LK-2309,104119,49878,54241
LK-2309005,548,286,262
LK-2309010,259,122,137
LK-2309015,365,177,188
LK-2309020,298,139,159
LK-2309025,740,358,382
LK-2309030,500,240,260
LK-2309035,504,253,251
LK-2309040,340,161,179
LK-2309045,465,224,241
LK-2309050,683,338,345
LK-2309055,425,208,217
LK-2309060,322,149,173
LK-2309065,394,194,200
LK-2309070,189,98,91
LK-2309075,460,207,253
LK-2309080,393,191,202
LK-2309085,448,226,222
LK-2309090,665,330,335
LK-2309095,779,367,412
LK-2309100,338,154,184
LK-2309105,213,116,97
LK-2309110,133,60,73
LK-2309115,311,145,166
LK-2309120,387,181,206
LK-2309125,855,396,459
LK-2309130,570,254,316
LK-2309135,963,440,523
LK-2309140,570,273,297
LK-2309145,785,362,423
LK-2309150,186,79,107
LK-2309155,608,294,314
LK-2309160,418,204,214
LK-2309165,587,279,308
LK-2309170,616,300,316
LK-2309175,385,190,195
LK-2309180,519,245,274
LK-2309185,407,198,209
LK-2309190,581,292,289
LK-2309195,878,432,446
LK-2309200,698,340,358
LK-2309205,474,215,259
LK-2309210,458,216,242
LK-2309215,582,273,309
LK-2309220,544,272,272
LK-2309225,508,235,273
LK-2309230,581,266,315
LK-2309235,1869,902,967
LK-2309240,283,134,149
LK-2309245,369,174,195
LK-2309250,302,141,161
LK-2309255,934,429,505
LK-2309260,889,408,481
LK-2309265,1161,589,572
LK-2309270,2196,1035,1161
LK-2309275,515,208,307
LK-2309280,699,302,397
LK-2309285,446,204,242
LK-2309290,627,282,345
LK-2309295,983,445,538
LK-2309300,934,433,501
LK-2309305,691,347,344
LK-2309310,583,272,311
LK-2309315,594,278,316
LK-2309320,421,181,240
LK-2309325,311,152,159
LK-2309330,499,241,258
LK-2309335,386,186,200
LK-2309340,605,269,336
LK-2309345,431,212,219
LK-2309350,669,320,349
LK-2309355,849,416,433
LK-2309360,602,285,317
LK-2309365,2688,1287,1401
LK-2309370,1130,581,549
LK-2309375,4993,2421,2572
LK-2309380,1511,756,755
LK-2309385,2389,1199,1190
LK-2309390,2425,1159,1266
LK-2309395,893,412,481
LK-2309400,367,167,200
LK-2309405,517,251,266
LK-2309410,328,148,180
LK-2309415,411,180,231
LK-2309420,322,147,175
LK-2309425,399,192,207
LK-2309430,409,206,203
LK-2309435,616,304,312
LK-2309440,872,401,471
LK-2309445,449,205,244
LK-2309450,182,86,96
LK-2309455,447,206,241
LK-2309460,612,283,329
LK-2309465,475,220,255
LK-2309470,596,262,334
LK-2309475,411,199,212
LK-2309480,260,109,151
LK-2309485,534,266,268
LK-2309490,1434,718,716
LK-2309495,367,184,183
LK-2309500,397,180,217
LK-2309505,876,420,456
LK-2309510,3127,1540,1587
LK-2309515,3342,1635,1707
LK-2309520,1469,698,771
LK-2309525,797,414,383
LK-2309530,342,164,178
LK-2309535,676,330,346
LK-2309540,397,175,222
LK-2309545,679,331,348
LK-2309550,766,352,414
LK-2309555,382,174,208
LK-2309560,491,225,266
LK-2309565,535,254,281
LK-2309570,1084,504,580
LK-2309575,2585,1230,1355
LK-2309580,2491,1166,1325
LK-2309585,1914,968,946
LK-2309590,1043,527,516
LK-2309595,884,427,457
LK-2309600,3243,1619,1624
LK-2309605,444,203,241
LK-2309610,1016,468,548
LK-2309615,2312,1115,1197
LK-2309620,3418,1618,1800
LK-2309625,1592,768,824
LK-2312,212094,102338,109756
LK-2312005,3976,1900,2076
LK-2312010,2319,1079,1240
LK-2312015,3896,1853,2043
LK-2312020,3393,1631,1762
LK-2312025,3150,1513,1637
LK-2312030,3333,1639,1694
LK-2312035,2757,1372,1385
LK-2312040,4463,2145,2318
LK-2312045,3758,1840,1918
LK-2312050,1426,663,763
LK-2312055,2853,1401,1452
LK-2312060,2273,1080,1193
LK-2312065,3143,1508,1635
LK-2312070,2481,1353,1128
LK-2312075,1408,691,717
LK-2312080,3465,1726,1739
LK-2312085,3381,1629,1752
LK-2312090,4111,2077,2034
LK-2312095,3227,1545,1682
LK-2312100,4513,2036,2477
LK-2312105,3214,1527,1687
LK-2312110,4609,2228,2381
LK-2312115,5044,2349,2695
LK-2312120,3724,1766,1958
LK-2312125,4065,1902,2163
LK-2312130,3942,1875,2067
LK-2312135,2965,1448,1517
LK-2312140,2309,1082,1227
LK-2312145,7545,3733,3812
LK-2312150,3522,1718,1804
LK-2312155,3860,1931,1929
LK-2312160,1667,804,863
LK-2312165,1290,708,582
LK-2312170,4292,2016,2276
LK-2312175,2216,1044,1172
LK-2312180,2072,1014,1058
LK-2312185,1751,846,905
LK-2312190,1222,619,603
LK-2312195,1431,695,736
LK-2312200,887,438,449
LK-2312205,3316,1605,1711
LK-2312210,1352,667,685
LK-2312215,1815,867,948
LK-2312220,2816,1398,1418
LK-2312225,1829,857,972
LK-2312230,1093,512,581
LK-2312235,1408,705,703
LK-2312240,2972,1413,1559
LK-2312245,3653,1714,1939
LK-2312250,3967,1876,2091
LK-2312255,5022,2399,2623
LK-2312260,3541,1682,1859
LK-2312265,2764,1294,1470
LK-2312270,3264,1547,1717
LK-2312275,3217,1584,1633
LK-2312280,3989,1901,2088
LK-2312285,2419,1142,1277
LK-2312290,1387,662,725
LK-2312295,1226,608,618
LK-2312300,2012,978,1034
LK-2312305,774,404,370
LK-2312310,1757,936,821
LK-2312315,2731,1300,1431
LK-2312320,3059,1495,1564
LK-2312325,2780,1387,1393
LK-2312330,4123,1952,2171
LK-2312335,2335,1096,1239
LK-2312340,3811,1776,2035
LK-2312345,3904,1920,1984
LK-2312350,2143,1064,1079
LK-2312355,2820,1326,1494
LK-2312360,3842,1847,1995
LK-2315,205723,97448,108275
LK-2315005,800,361,439
LK-2315010,1119,473,646
LK-2315015,1677,770,907
LK-2315020,1155,508,647
LK-2315025,1250,562,688
LK-2315030,2292,1024,1268
LK-2315035,1505,730,775
LK-2315040,1587,694,893
LK-2315045,1501,739,762
LK-2315050,861,393,468
LK-2315055,1154,525,629
LK-2315060,1324,604,720
LK-2315065,706,352,354
LK-2315070,812,390,422
LK-2315075,948,430,518
LK-2315080,1093,498,595
LK-2315085,990,433,557
LK-2315090,822,362,460
LK-2315095,674,301,373
LK-2315100,2867,1384,1483
LK-2315105,1703,769,934
LK-2315110,919,434,485
LK-2315115,1274,595,679
LK-2315120,505,226,279
LK-2315125,1164,530,634
LK-2315130,1742,814,928
LK-2315135,941,426,515
LK-2315140,1458,688,770
LK-2315145,884,408,476
LK-2315150,1066,526,540
LK-2315155,677,309,368
LK-2315160,5690,2674,3016
LK-2315165,3598,1701,1897
LK-2315170,4977,2362,2615
LK-2315175,4414,2060,2354
LK-2315180,6172,2887,3285
LK-2315185,3019,1439,1580
LK-2315190,4941,2376,2565
LK-2315195,3762,1737,2025
LK-2315200,2235,1105,1130
LK-2315205,2288,1126,1162
LK-2315210,2011,957,1054
LK-2315215,7636,3568,4068
LK-2315220,3481,1653,1828
LK-2315225,7226,3477,3749
LK-2315230,3339,1587,1752
LK-2315235,4822,2309,2513
LK-2315240,4115,1977,2138
LK-2315245,3638,1719,1919
LK-2315250,6612,3097,3515
LK-2315255,3851,1876,1975
LK-2315260,4507,2067,2440
LK-2315265,4296,2097,2199
LK-2315270,3084,1506,1578
LK-2315275,5267,2562,2705
LK-2315280,5950,2792,3158
LK-2315285,5474,2626,2848
LK-2315290,2303,1081,1222
LK-2315295,5398,2599,2799
LK-2315300,2248,1039,1209
LK-2315305,10150,4918,5232
LK-2315310,5003,2393,2610
LK-2315315,6996,3343,3653
LK-2315320,3033,1491,1542
LK-2315325,6248,3006,3242
LK-2315330,5231,2466,2765
LK-2315335,5238,2517,2721
LK-3,2477285,1194540,1282745
LK-31,1063334,509902,553432
LK-3103,49975,24084,25891
LK-3103005,557,332,225
LK-3103010,1154,565,589
LK-3103015,877,447,430
LK-3103020,1480,720,760
LK-3103025,1086,546,540
LK-3103030,2500,1190,1310
LK-3103035,1093,533,560
LK-3103040,789,413,376
LK-3103045,662,321,341
LK-3103050,1031,493,538
LK-3103055,1810,837,973
LK-3103060,829,395,434
LK-3103065,978,466,512
LK-3103070,735,357,378
LK-3103075,685,334,351
LK-3103080,1046,482,564
LK-3103085,1172,562,610
LK-3103090,1024,493,531
LK-3103095,887,402,485
LK-3103100,847,400,447
LK-3103105,739,352,387
LK-3103110,1624,796,828
LK-3103115,1425,662,763
LK-3103120,1071,495,576
LK-3103125,1036,502,534
LK-3103130,1194,569,625
LK-3103135,941,442,499
LK-3103140,605,300,305
LK-3103145,838,406,432
LK-3103150,579,262,317
LK-3103155,979,456,523
LK-3103160,1567,736,831
LK-3103165,875,415,460
LK-3103170,948,480,468
LK-3103175,545,256,289
LK-3103180,1203,569,634
LK-3103185,1606,772,834
LK-3103190,712,343,369
LK-3103195,1563,744,819
LK-3103200,694,342,352
LK-3103205,836,434,402
LK-3103210,685,353,332
LK-3103215,643,280,363
LK-3103220,576,258,318
LK-3103225,523,269,254
LK-3103230,875,428,447
LK-3103235,371,186,185
LK-3103240,648,323,325
LK-3103245,1087,516,571
LK-3103250,1227,599,628
LK-3103255,518,251,267
LK-3106,67432,31977,35455
LK-3106005,1536,728,808
LK-3106010,2692,1286,1406
LK-3106015,1550,738,812
LK-3106020,1262,617,645
LK-3106025,1746,867,879
LK-3106030,1105,548,557
LK-3106035,935,460,475
LK-3106040,796,393,403
LK-3106045,783,395,388
LK-3106050,1291,607,684
LK-3106055,627,291,336
LK-3106060,1149,503,646
LK-3106065,347,168,179
LK-3106070,1191,570,621
LK-3106075,1510,730,780
LK-3106080,1461,684,777
LK-3106085,1343,671,672
LK-3106090,1128,506,622
LK-3106095,1731,820,911
LK-3106100,658,294,364
LK-3106105,946,451,495
LK-3106110,1054,500,554
LK-3106115,953,440,513
LK-3106120,743,344,399
LK-3106125,2301,1076,1225
LK-3106130,1462,693,769
LK-3106135,2084,994,1090
LK-3106140,1712,811,901
LK-3106145,2175,981,1194
LK-3106150,967,474,493
LK-3106155,892,416,476
LK-3106160,709,348,361
LK-3106165,2387,1113,1274
LK-3106170,825,393,432
LK-3106175,853,399,454
LK-3106180,1103,533,570
LK-3106185,1855,922,933
LK-3106190,1172,531,641
LK-3106195,2306,1120,1186
LK-3106200,1563,719,844
LK-3106205,2204,1044,1160
LK-3106210,1479,685,794
LK-3106215,796,375,421
LK-3106220,1178,526,652
LK-3106225,1592,765,827
LK-3106230,1496,712,784
LK-3106235,1423,675,748
LK-3106240,1125,525,600
LK-3106245,1086,525,561
LK-3106250,1016,467,549
LK-3106255,1134,544,590
LK-3109,62498,30175,32323
LK-3109005,1706,842,864
LK-3109010,1449,699,750
LK-3109015,628,306,322
LK-3109020,1589,792,797
LK-3109025,734,352,382
LK-3109030,1744,850,894
LK-3109035,2208,1095,1113
LK-3109040,1634,793,841
LK-3109045,985,493,492
LK-3109050,1560,801,759
LK-3109055,1176,566,610
LK-3109060,605,308,297
LK-3109065,1171,567,604
LK-3109070,1684,801,883
LK-3109075,890,422,468
LK-3109080,853,404,449
LK-3109085,966,479,487
LK-3109090,1853,869,984
LK-3109095,2571,1248,1323
LK-3109100,1405,677,728
LK-3109105,2436,1173,1263
LK-3109110,1513,698,815
LK-3109115,1745,862,883
LK-3109120,2071,996,1075
LK-3109125,3849,1841,2008
LK-3109130,1847,844,1003
LK-3109135,1014,485,529
LK-3109140,1966,946,1020
LK-3109145,1669,783,886
LK-3109150,1113,520,593
LK-3109155,936,452,484
LK-3109160,1040,459,581
LK-3109165,2169,1065,1104
LK-3109170,2587,1258,1329
LK-3109175,968,473,495
LK-3109180,863,404,459
LK-3109185,1525,746,779
LK-3109190,1315,630,685
LK-3109195,3066,1499,1567
LK-3109200,1395,677,718
LK-3112,64726,31068,33658
LK-3112005,949,467,482
LK-3112010,1022,446,576
LK-3112015,1079,513,566
LK-3112020,1087,515,572
LK-3112025,1047,476,571
LK-3112030,1753,902,851
LK-3112035,1214,588,626
LK-3112040,580,265,315
LK-3112045,1213,589,624
LK-3112050,1745,843,902
LK-3112055,970,455,515
LK-3112060,963,453,510
LK-3112065,749,337,412
LK-3112070,972,468,504
LK-3112075,1426,661,765
LK-3112080,1458,729,729
LK-3112085,646,326,320
LK-3112090,765,386,379
LK-3112095,2079,982,1097
LK-3112100,473,236,237
LK-3112105,1413,667,746
LK-3112110,935,437,498
LK-3112115,1085,536,549
LK-3112120,732,349,383
LK-3112125,1101,525,576
LK-3112130,1407,686,721
LK-3112135,1723,961,762
LK-3112140,1670,787,883
LK-3112145,3029,1423,1606
LK-3112150,1750,828,922
LK-3112155,2383,1177,1206
LK-3112160,936,437,499
LK-3112165,1157,558,599
LK-3112170,1165,564,601
LK-3112175,725,348,377
LK-3112180,794,369,425
LK-3112185,1082,496,586
LK-3112190,1584,768,816
LK-3112195,1165,539,626
LK-3112200,3212,1481,1731
LK-3112205,2298,1102,1196
LK-3112210,1374,623,751
LK-3112215,658,317,341
LK-3112220,672,313,359
LK-3112225,1765,863,902
LK-3112230,1834,900,934
LK-3112235,956,458,498
LK-3112240,904,474,430
LK-3112245,1352,615,737
LK-3112250,744,365,379
LK-3112255,931,465,466
LK-3115,35574,17279,18295
LK-3115005,1442,699,743
LK-3115010,658,322,336
LK-3115015,1085,553,532
LK-3115020,1287,633,654
LK-3115025,1424,679,745
LK-3115030,1252,596,656
LK-3115035,1206,603,603
LK-3115040,595,286,309
LK-3115045,886,428,458
LK-3115050,976,441,535
LK-3115055,1055,509,546
LK-3115060,777,380,397
LK-3115065,677,330,347
LK-3115070,789,383,406
LK-3115075,993,456,537
LK-3115080,1307,651,656
LK-3115085,1680,822,858
LK-3115090,1136,546,590
LK-3115095,1311,664,647
LK-3115100,840,390,450
LK-3115105,1001,474,527
LK-3115110,964,465,499
LK-3115115,1525,753,772
LK-3115120,1339,632,707
LK-3115125,1319,658,661
LK-3115130,1137,549,588
LK-3115135,900,428,472
LK-3115140,1425,689,736
LK-3115145,576,265,311
LK-3115150,1176,587,589
LK-3115155,396,209,187
LK-3115160,1045,529,516
LK-3115165,674,325,349
LK-3115170,721,345,376
LK-3118,32609,15957,16652
LK-3118005,1652,815,837
LK-3118010,759,370,389
LK-3118015,1081,529,552
LK-3118020,1067,539,528
LK-3118025,1011,491,520
LK-3118030,1192,613,579
LK-3118035,359,190,169
LK-3118040,1336,648,688
LK-3118045,928,457,471
LK-3118050,1101,518,583
LK-3118055,2371,1183,1188
LK-3118060,633,323,310
LK-3118065,965,475,490
LK-3118070,1460,689,771
LK-3118075,486,237,249
LK-3118080,632,295,337
LK-3118085,671,342,329
LK-3118090,1429,709,720
LK-3118095,354,176,178
LK-3118100,759,366,393
LK-3118105,753,374,379
LK-3118110,439,218,221
LK-3118115,700,358,342
LK-3118120,376,185,191
LK-3118125,712,358,354
LK-3118130,780,401,379
LK-3118135,864,401,463
LK-3118140,687,319,368
LK-3118145,754,366,388
LK-3118150,574,269,305
LK-3118155,1157,537,620
LK-3118160,622,317,305
LK-3118165,1104,514,590
LK-3118170,937,440,497
LK-3118175,1243,603,640
LK-3118180,661,332,329
LK-3121,28640,14394,14246
LK-3121005,1136,588,548
LK-3121010,769,383,386
LK-3121015,800,401,399
LK-3121020,597,317,280
LK-3121025,239,117,122
LK-3121030,739,360,379
LK-3121035,899,464,435
LK-3121040,1022,503,519
LK-3121045,539,261,278
LK-3121050,957,445,512
LK-3121055,487,253,234
LK-3121060,983,482,501
LK-3121065,1218,640,578
LK-3121070,645,323,322
LK-3121075,616,316,300
LK-3121080,1278,650,628
LK-3121085,356,168,188
LK-3121090,682,349,333
LK-3121095,661,338,323
LK-3121100,624,318,306
LK-3121105,581,306,275
LK-3121110,864,432,432
LK-3121115,632,326,306
LK-3121120,1380,661,719
LK-3121125,961,489,472
LK-3121130,1757,886,871
LK-3121135,643,309,334
LK-3121140,1164,577,587
LK-3121145,912,461,451
LK-3121150,626,319,307
LK-3121155,1273,654,619
LK-3121160,582,280,302
LK-3121165,743,384,359
LK-3121170,1275,634,641
LK-3124,53829,25936,27893
LK-3124005,2239,1045,1194
LK-3124010,745,356,389
LK-3124015,828,393,435
LK-3124020,879,426,453
LK-3124025,882,421,461
LK-3124030,912,420,492
LK-3124035,411,187,224
LK-3124040,740,359,381
LK-3124045,646,300,346
LK-3124050,553,274,279
LK-3124055,632,306,326
LK-3124060,1160,550,610
LK-3124065,983,456,527
LK-3124070,575,284,291
LK-3124075,495,226,269
LK-3124080,940,447,493
LK-3124085,924,436,488
LK-3124090,737,330,407
LK-3124095,952,487,465
LK-3124100,779,370,409
LK-3124105,993,465,528
LK-3124110,935,470,465
LK-3124115,899,449,450
LK-3124120,1061,541,520
LK-3124125,2202,1081,1121
LK-3124130,910,457,453
LK-3124135,1121,540,581
LK-3124140,1280,635,645
LK-3124145,955,460,495
LK-3124150,772,362,410
LK-3124155,1316,616,700
LK-3124160,1644,783,861
LK-3124165,400,197,203
LK-3124170,822,389,433
LK-3124175,904,455,449
LK-3124180,614,290,324
LK-3124185,1101,509,592
LK-3124190,858,416,442
LK-3124195,603,292,311
LK-3124200,738,363,375
LK-3124205,936,467,469
LK-3124210,938,468,470
LK-3124215,1654,801,853
LK-3124220,1429,684,745
LK-3124225,1196,589,607
LK-3124230,1096,505,591
LK-3124235,1503,740,763
LK-3124240,2208,1102,1106
LK-3124245,1424,692,732
LK-3124250,1551,731,820
LK-3124255,904,430,474
LK-3124260,1161,561,600
LK-3124265,689,323,366
LK-3127,75008,35757,39251
LK-3127005,890,409,481
LK-3127010,2674,1279,1395
LK-3127015,814,412,402
LK-3127020,1102,541,561
LK-3127025,920,448,472
LK-3127030,738,352,386
LK-3127035,677,326,351
LK-3127040,1131,556,575
LK-3127045,1079,516,563
LK-3127050,920,448,472
LK-3127055,596,297,299
LK-3127060,2487,1171,1316
LK-3127065,1069,514,555
LK-3127070,614,292,322
LK-3127075,492,244,248
LK-3127080,737,343,394
LK-3127085,553,273,280
LK-3127090,578,272,306
LK-3127095,1002,506,496
LK-3127100,735,348,387
LK-3127105,795,353,442
LK-3127110,1230,607,623
LK-3127115,1380,651,729
LK-3127120,1031,472,559
LK-3127125,710,358,352
LK-3127130,1170,553,617
LK-3127135,514,251,263
LK-3127140,473,230,243
LK-3127145,1841,838,1003
LK-3127150,1068,509,559
LK-3127155,810,385,425
LK-3127160,762,348,414
LK-3127165,1498,699,799
LK-3127170,1059,488,571
LK-3127175,433,204,229
LK-3127180,1102,551,551
LK-3127185,1525,741,784
LK-3127190,1446,724,722
LK-3127195,1540,734,806
LK-3127200,1020,473,547
LK-3127205,636,307,329
LK-3127210,1347,645,702
LK-3127215,1272,610,662
LK-3127220,691,313,378
LK-3127225,1208,581,627
LK-3127230,1215,578,637
LK-3127235,923,450,473
LK-3127240,1329,625,704
LK-3127245,593,279,314
LK-3127250,611,282,329
LK-3127255,2080,1021,1059
LK-3127260,1127,538,589
LK-3127265,884,432,452
LK-3127270,1038,512,526
LK-3127275,559,263,296
LK-3127280,446,199,247
LK-3127285,854,386,468
LK-3127290,1176,554,622
LK-3127295,734,336,398
LK-3127300,1671,773,898
LK-3127305,1145,524,621
LK-3127310,1164,569,595
LK-3127315,723,356,367
LK-3127320,2020,943,1077
LK-3127325,1409,652,757
LK-3127330,857,434,423
LK-3127335,1263,589,674
LK-3127340,1480,682,798
LK-3127345,1719,817,902
LK-3127350,1619,791,828
LK-3130,29347,13988,15359
LK-3130005,2112,1018,1094
LK-3130010,1682,799,883
LK-3130015,1190,564,626
LK-3130020,1217,587,630
LK-3130025,769,400,369
LK-3130030,1070,488,582
LK-3130035,1704,755,949
LK-3130040,1463,682,781
LK-3130045,1519,741,778
LK-3130050,3557,1695,1862
LK-3130055,1321,667,654
LK-3130060,1493,691,802
LK-3130065,1419,683,736
LK-3130070,1973,938,1035
LK-3130075,1985,944,1041
LK-3130080,599,277,322
LK-3130085,1043,507,536
LK-3130090,1376,664,712
LK-3130095,803,388,415
LK-3130100,1052,500,552
LK-3133,56961,27302,29659
LK-3133005,1132,537,595
LK-3133010,1948,897,1051
LK-3133015,1282,586,696
LK-3133020,1343,642,701
LK-3133025,680,341,339
LK-3133030,1704,821,883
LK-3133035,1479,685,794
LK-3133040,2471,1227,1244
LK-3133045,2982,1456,1526
LK-3133050,1027,499,528
LK-3133055,4210,2014,2196
LK-3133060,1316,631,685
LK-3133065,2142,1032,1110
LK-3133070,1635,796,839
LK-3133075,1556,740,816
LK-3133080,1600,742,858
LK-3133085,1596,740,856
LK-3133090,1522,688,834
LK-3133095,1426,687,739
LK-3133100,1807,841,966
LK-3133105,1265,602,663
LK-3133110,1360,644,716
LK-3133115,1393,659,734
LK-3133120,1221,569,652
LK-3133125,2042,1001,1041
LK-3133130,1914,981,933
LK-3133135,1605,793,812
LK-3133140,1314,641,673
LK-3133145,1205,584,621
LK-3133150,1349,649,700
LK-3133155,697,331,366
LK-3133160,1627,805,822
LK-3133165,1189,580,609
LK-3133170,2200,1048,1152
LK-3133175,880,412,468
LK-3133180,842,401,441
LK-3134,21755,10261,11494
LK-3134005,645,312,333
LK-3134010,1464,714,750
LK-3134015,547,265,282
LK-3134020,1086,509,577
LK-3134025,334,144,190
LK-3134030,1170,539,631
LK-3134035,875,406,469
LK-3134040,1122,520,602
LK-3134045,1318,627,691
LK-3134050,1109,530,579
LK-3134055,1838,869,969
LK-3134060,1604,737,867
LK-3134065,562,244,318
LK-3134070,1335,691,644
LK-3134075,2424,1149,1275
LK-3134080,1004,473,531
LK-3134085,1304,623,681
LK-3134090,1583,712,871
LK-3134095,431,197,234
LK-3136,101909,49104,52805
LK-3136005,983,502,481
LK-3136010,619,299,320
LK-3136015,1235,588,647
LK-3136020,367,183,184
LK-3136025,1914,889,1025
LK-3136030,710,339,371
LK-3136035,2633,1265,1368
LK-3136040,734,368,366
LK-3136045,741,369,372
LK-3136050,1280,654,626
LK-3136055,1640,768,872
LK-3136060,1106,547,559
LK-3136065,992,483,509
LK-3136070,893,435,458
LK-3136075,764,385,379
LK-3136080,900,437,463
LK-3136085,304,156,148
LK-3136090,301,145,156
LK-3136095,494,229,265
LK-3136100,520,250,270
LK-3136105,1494,699,795
LK-3136110,933,445,488
LK-3136115,486,251,235
LK-3136120,326,151,175
LK-3136125,309,148,161
LK-3136130,393,178,215
LK-3136135,516,246,270
LK-3136140,1012,489,523
LK-3136145,574,271,303
LK-3136150,212,115,97
LK-3136155,422,212,210
LK-3136160,645,326,319
LK-3136165,1812,855,957
LK-3136170,1499,710,789
LK-3136175,1936,950,986
LK-3136180,757,368,389
LK-3136185,401,204,197
LK-3136190,1078,525,553
LK-3136195,1250,626,624
LK-3136200,1149,560,589
LK-3136205,510,247,263
LK-3136210,680,331,349
LK-3136215,1435,695,740
LK-3136220,563,302,261
LK-3136225,1241,592,649
LK-3136230,1296,618,678
LK-3136235,747,372,375
LK-3136240,693,333,360
LK-3136245,547,260,287
LK-3136250,1283,618,665
LK-3136255,382,167,215
LK-3136260,915,434,481
LK-3136265,1128,542,586
LK-3136270,1160,536,624
LK-3136275,706,339,367
LK-3136280,629,299,330
LK-3136285,1189,585,604
LK-3136290,1093,495,598
LK-3136295,1182,551,631
LK-3136300,943,438,505
LK-3136305,1187,554,633
LK-3136310,1478,727,751
LK-3136315,1612,751,861
LK-3136320,3049,1458,1591
LK-3136325,1975,945,1030
LK-3136330,1815,845,970
LK-3136335,1409,664,745
LK-3136340,1180,559,621
LK-3136345,1942,940,1002
LK-3136350,1180,528,652
LK-3136355,865,399,466
LK-3136360,603,262,341
LK-3136365,1636,774,862
LK-3136370,2016,944,1072
LK-3136375,867,438,429
LK-3136380,1355,624,731
LK-3136385,1051,490,561
LK-3136390,435,209,226
LK-3136395,1182,591,591
LK-3136400,547,274,273
LK-3136405,929,443,486
LK-3136410,1116,537,579
LK-3136415,1834,915,919
LK-3136420,824,448,376
LK-3136425,922,434,488
LK-3136430,1055,524,531
LK-3136435,568,253,315
LK-3136440,713,339,374
LK-3136445,1026,478,548
LK-3136450,2650,1240,1410
LK-3136455,958,461,497
LK-3136460,1604,784,820
LK-3136465,841,375,466
LK-3136470,1897,1113,784
LK-3136475,530,254,276
LK-3136480,811,395,416
LK-3136485,1591,761,830
LK-3139,101749,48796,52953
LK-3139005,662,311,351
LK-3139010,1084,547,537
LK-3139015,3414,1671,1743
LK-3139020,4200,1961,2239
LK-3139025,2891,1377,1514
LK-3139030,1385,649,736
LK-3139035,1282,591,691
LK-3139040,2155,1014,1141
LK-3139045,1010,491,519
LK-3139050,1915,952,963
LK-3139055,850,395,455
LK-3139060,3555,1701,1854
LK-3139065,1216,560,656
LK-3139070,2887,1334,1553
LK-3139075,2730,1396,1334
LK-3139080,1875,868,1007
LK-3139085,2043,980,1063
LK-3139090,983,479,504
LK-3139095,3222,1551,1671
LK-3139100,1834,821,1013
LK-3139105,1301,608,693
LK-3139110,2960,1371,1589
LK-3139115,940,465,475
LK-3139120,1758,877,881
LK-3139125,2220,1071,1149
LK-3139130,1370,676,694
LK-3139135,1770,842,928
LK-3139140,1640,785,855
LK-3139145,2083,990,1093
LK-3139150,1447,654,793
LK-3139155,1834,895,939
LK-3139160,2949,1322,1627
LK-3139165,998,470,528
LK-3139170,2177,1011,1166
LK-3139175,829,395,434
LK-3139180,3790,1808,1982
LK-3139185,3054,1425,1629
LK-3139190,4602,2169,2433
LK-3139195,1237,596,641
LK-3139200,5514,2648,2866
LK-3139205,1443,708,735
LK-3139210,2241,1073,1168
LK-3139215,409,186,223
LK-3139220,2223,1414,809
LK-3139225,1051,531,520
LK-3139230,1068,469,599
LK-3139235,1869,865,1004
LK-3139240,1355,625,730
LK-3139245,3326,1645,1681
LK-3139250,1098,553,545
LK-3142,50331,23863,26468
LK-3142005,566,266,300
LK-3142010,1088,473,615
LK-3142015,711,339,372
LK-3142020,607,291,316
LK-3142025,1147,531,616
LK-3142030,544,261,283
LK-3142035,693,338,355
LK-3142040,1846,889,957
LK-3142045,960,460,500
LK-3142050,698,339,359
LK-3142055,1015,470,545
LK-3142060,605,280,325
LK-3142065,976,462,514
LK-3142070,1693,796,897
LK-3142075,1978,1008,970
LK-3142080,1516,787,729
LK-3142085,1273,629,644
LK-3142090,697,347,350
LK-3142095,954,448,506
LK-3142100,880,416,464
LK-3142105,1385,657,728
LK-3142110,1020,504,516
LK-3142115,658,323,335
LK-3142120,866,410,456
LK-3142125,936,443,493
LK-3142130,1407,686,721
LK-3142135,805,363,442
LK-3142140,738,333,405
LK-3142145,1663,807,856
LK-3142150,1480,731,749
LK-3142155,2245,1035,1210
LK-3142160,1370,634,736
LK-3142165,1442,678,764
LK-3142170,1054,485,569
LK-3142175,1035,508,527
LK-3142180,1759,832,927
LK-3142185,847,401,446
LK-3142190,1238,577,661
LK-3142195,1479,712,767
LK-3142200,2308,985,1323
LK-3142205,1156,543,613
LK-3142210,1347,628,719
LK-3142215,656,307,349
LK-3142220,990,451,539
LK-3145,77776,36906,40870
LK-3145005,1726,811,915
LK-3145010,1319,633,686
LK-3145015,1006,515,491
LK-3145020,3560,1564,1996
LK-3145025,1284,642,642
LK-3145030,822,382,440
LK-3145035,899,443,456
LK-3145040,494,237,257
LK-3145045,687,346,341
LK-3145050,1259,616,643
LK-3145055,1191,582,609
LK-3145060,1345,635,710
LK-3145065,951,447,504
LK-3145070,697,336,361
LK-3145075,1427,688,739
LK-3145080,1668,776,892
LK-3145085,1110,524,586
LK-3145090,994,504,490
LK-3145095,889,417,472
LK-3145100,662,303,359
LK-3145105,554,265,289
LK-3145110,786,370,416
LK-3145115,1182,550,632
LK-3145120,1151,547,604
LK-3145125,936,437,499
LK-3145130,1314,638,676
LK-3145135,1976,978,998
LK-3145140,859,410,449
LK-3145145,1260,615,645
LK-3145150,1320,631,689
LK-3145155,1834,863,971
LK-3145160,1441,671,770
LK-3145165,1539,718,821
LK-3145170,921,424,497
LK-3145175,1257,603,654
LK-3145180,1517,761,756
LK-3145185,873,413,460
LK-3145190,1578,729,849
LK-3145195,2457,1165,1292
LK-3145200,1305,607,698
LK-3145205,1275,587,688
LK-3145210,1174,562,612
LK-3145215,2963,1451,1512
LK-3145220,886,397,489
LK-3145225,1187,549,638
LK-3145230,951,439,512
LK-3145235,1975,913,1062
LK-3145240,1651,780,871
LK-3145245,1004,497,507
LK-3145250,1339,646,693
LK-3145255,814,377,437
LK-3145260,1088,542,546
LK-3145265,897,427,470
LK-3145270,798,369,429
LK-3145275,728,338,390
LK-3145280,2251,1093,1158
LK-3145285,1317,590,727
LK-3145290,779,376,403
LK-3145295,751,376,375
LK-3145300,1077,502,575
LK-3145305,1417,646,771
LK-3145310,682,321,361
LK-3145315,722,332,390
LK-3148,45946,22173,23773
LK-3148005,1091,529,562
LK-3148010,512,265,247
LK-3148015,2584,1250,1334
LK-3148020,1124,504,620
LK-3148025,649,324,325
LK-3148030,950,447,503
LK-3148035,1612,808,804
LK-3148040,1042,509,533
LK-3148045,1038,488,550
LK-3148050,862,407,455
LK-3148055,1138,545,593
LK-3148060,1372,650,722
LK-3148065,1072,534,538
LK-3148070,800,373,427
LK-3148075,1283,621,662
LK-3148080,874,406,468
LK-3148085,704,350,354
LK-3148090,1296,653,643
LK-3148095,648,312,336
LK-3148100,800,384,416
LK-3148105,668,326,342
LK-3148110,1555,773,782
LK-3148115,1517,749,768
LK-3148120,773,382,391
LK-3148125,1144,564,580
LK-3148130,923,453,470
LK-3148135,749,382,367
LK-3148140,984,457,527
LK-3148145,1485,729,756
LK-3148150,1392,673,719
LK-3148155,1049,469,580
LK-3148160,1713,846,867
LK-3148165,969,471,498
LK-3148170,723,347,376
LK-3148175,790,383,407
LK-3148180,961,436,525
LK-3148185,933,448,485
LK-3148190,956,442,514
LK-3148195,642,314,328
LK-3148200,765,358,407
LK-3148205,712,351,361
LK-3148210,1211,567,644
LK-3148215,1094,515,579
LK-3148220,787,379,408
LK-3151,44880,21289,23591
LK-3151005,508,242,266
LK-3151010,829,384,445
LK-3151015,1108,538,570
LK-3151020,511,233,278
LK-3151025,494,249,245
LK-3151030,1061,517,544
LK-3151035,802,387,415
LK-3151040,825,414,411
LK-3151045,831,397,434
LK-3151050,733,355,378
LK-3151055,1215,538,677
LK-3151060,939,432,507
LK-3151065,1048,493,555
LK-3151070,1560,746,814
LK-3151075,1244,621,623
LK-3151080,563,275,288
LK-3151085,943,435,508
LK-3151090,1107,505,602
LK-3151095,1093,525,568
LK-3151100,1717,805,912
LK-3151105,976,454,522
LK-3151110,859,395,464
LK-3151115,736,341,395
LK-3151120,409,203,206
LK-3151125,783,365,418
LK-3151130,1114,554,560
LK-3151135,1072,496,576
LK-3151140,781,377,404
LK-3151145,528,249,279
LK-3151150,760,358,402
LK-3151155,1111,524,587
LK-3151160,1233,587,646
LK-3151165,567,282,285
LK-3151170,1645,788,857
LK-3151175,932,444,488
LK-3151180,1221,574,647
LK-3151185,1160,536,624
LK-3151190,845,413,432
LK-3151195,1643,766,877
LK-3151200,1547,735,812
LK-3151205,1929,932,997
LK-3151210,2915,1392,1523
LK-3151215,983,433,550
LK-3154,62389,29593,32796
LK-3154005,584,317,267
LK-3154010,1152,564,588
LK-3154015,813,364,449
LK-3154020,1838,860,978
LK-3154025,843,407,436
LK-3154030,677,329,348
LK-3154035,928,448,480
LK-3154040,823,402,421
LK-3154045,830,411,419
LK-3154050,1660,801,859
LK-3154055,971,459,512
LK-3154060,794,390,404
LK-3154065,788,375,413
LK-3154070,1131,518,613
LK-3154075,1200,580,620
LK-3154080,1240,598,642
LK-3154085,1125,544,581
LK-3154090,816,400,416
LK-3154095,1067,501,566
LK-3154100,1713,820,893
LK-3154105,743,364,379
LK-3154110,685,317,368
LK-3154115,959,446,513
LK-3154120,1490,709,781
LK-3154125,1359,651,708
LK-3154130,879,445,434
LK-3154135,1832,850,982
LK-3154140,1151,538,613
LK-3154145,1366,673,693
LK-3154150,1856,888,968
LK-3154155,1474,664,810
LK-3154160,1800,807,993
LK-3154165,900,385,515
LK-3154170,754,370,384
LK-3154175,986,448,538
LK-3154180,1283,598,685
LK-3154185,852,381,471
LK-3154190,824,364,460
LK-3154195,751,357,394
LK-3154200,1208,597,611
LK-3154205,1510,708,802
LK-3154210,1320,621,699
LK-3154215,560,265,295
LK-3154220,921,430,491
LK-3154225,986,488,498
LK-3154230,1271,618,653
LK-3154235,1431,666,765
LK-3154240,1599,802,797
LK-3154245,1000,476,524
LK-3154250,573,281,292
LK-3154255,816,370,446
LK-3154260,375,175,200
LK-3154265,1125,508,617
LK-3154270,606,293,313
LK-3154275,1021,492,529
LK-3154280,621,309,312
LK-3154285,871,398,473
LK-3154290,933,444,489
LK-3154295,705,309,396
LK-32,814048,389902,424146
LK-3203,51186,25038,26148
LK-3203005,928,459,469
LK-3203010,1093,538,555
LK-3203015,1444,750,694
LK-3203020,1483,749,734
LK-3203025,1445,706,739
LK-3203030,1546,751,795
LK-3203035,1147,553,594
LK-3203040,902,442,460
LK-3203045,941,474,467
LK-3203050,1068,519,549
LK-3203055,1140,575,565
LK-3203060,2082,1011,1071
LK-3203065,1388,693,695
LK-3203070,1512,741,771
LK-3203075,1323,635,688
LK-3203080,1983,969,1014
LK-3203085,1160,544,616
LK-3203090,1439,707,732
LK-3203095,1333,639,694
LK-3203100,1366,661,705
LK-3203105,1809,882,927
LK-3203110,1347,641,706
LK-3203115,1272,589,683
LK-3203120,1295,613,682
LK-3203125,1482,712,770
LK-3203130,982,474,508
LK-3203135,637,323,314
LK-3203140,1227,625,602
LK-3203145,2151,1080,1071
LK-3203150,1399,686,713
LK-3203155,1658,788,870
LK-3203160,1054,518,536
LK-3203165,979,451,528
LK-3203170,737,380,357
LK-3203175,602,306,296
LK-3203180,1107,543,564
LK-3203185,857,424,433
LK-3203190,1276,602,674
LK-3203195,1284,620,664
LK-3203200,1308,665,643
LK-3206,63255,30913,32342
LK-3206005,1049,525,524
LK-3206010,1581,819,762
LK-3206015,1721,848,873
LK-3206020,3181,1603,1578
LK-3206025,2757,1327,1430
LK-3206030,1811,891,920
LK-3206035,1970,928,1042
LK-3206040,1544,745,799
LK-3206045,1231,605,626
LK-3206050,2440,1188,1252
LK-3206055,1418,701,717
LK-3206060,1513,762,751
LK-3206065,2101,1051,1050
LK-3206070,2230,1064,1166
LK-3206075,1623,766,857
LK-3206080,2224,1137,1087
LK-3206085,2668,1260,1408
LK-3206090,2951,1376,1575
LK-3206095,844,422,422
LK-3206100,1110,528,582
LK-3206105,2660,1290,1370
LK-3206110,1383,627,756
LK-3206115,1604,792,812
LK-3206120,2851,1366,1485
LK-3206125,1018,507,511
LK-3206130,1316,625,691
LK-3206135,1111,526,585
LK-3206140,1776,856,920
LK-3206145,1342,656,686
LK-3206150,1752,855,897
LK-3206155,1593,835,758
LK-3206160,1014,510,504
LK-3206165,732,377,355
LK-3206170,1693,833,860
LK-3206175,694,329,365
LK-3206180,1653,838,815
LK-3206185,1096,545,551
LK-3209,59160,28796,30364
LK-3209005,1446,723,723
LK-3209010,932,468,464
LK-3209015,1443,691,752
LK-3209020,1883,913,970
LK-3209025,1650,799,851
LK-3209030,1401,692,709
LK-3209035,1884,897,987
LK-3209040,1244,610,634
LK-3209045,1847,923,924
LK-3209050,1285,633,652
LK-3209055,1217,596,621
LK-3209060,1702,867,835
LK-3209065,1172,570,602
LK-3209070,1430,684,746
LK-3209075,2631,1287,1344
LK-3209080,1298,631,667
LK-3209085,1164,559,605
LK-3209090,1015,503,512
LK-3209095,1726,833,893
LK-3209100,1996,956,1040
LK-3209105,1222,594,628
LK-3209110,1188,581,607
LK-3209115,958,442,516
LK-3209120,928,464,464
LK-3209125,1329,645,684
LK-3209130,1497,710,787
LK-3209135,1501,730,771
LK-3209140,1453,687,766
LK-3209145,1940,932,1008
LK-3209150,2662,1307,1355
LK-3209155,1220,574,646
LK-3209160,707,355,352
LK-3209165,1073,548,525
LK-3209170,637,300,337
LK-3209175,715,348,367
LK-3209180,1044,517,527
LK-3209185,1175,569,606
LK-3209190,873,441,432
LK-3209195,924,450,474
LK-3209200,1309,648,661
LK-3209205,1345,627,718
LK-3209210,1057,506,551
LK-3209215,2037,986,1051
LK-3212,50261,24116,26145
LK-3212005,881,430,451
LK-3212010,833,423,410
LK-3212015,1064,516,548
LK-3212020,908,439,469
LK-3212025,898,456,442
LK-3212030,1091,540,551
LK-3212035,1059,512,547
LK-3212040,778,373,405
LK-3212045,819,417,402
LK-3212050,976,462,514
LK-3212055,1162,574,588
LK-3212060,680,319,361
LK-3212065,1424,693,731
LK-3212070,1301,612,689
LK-3212075,1397,654,743
LK-3212080,1168,551,617
LK-3212085,1359,641,718
LK-3212090,1107,545,562
LK-3212095,638,297,341
LK-3212100,1014,475,539
LK-3212105,1224,592,632
LK-3212110,1241,611,630
LK-3212115,921,462,459
LK-3212120,1906,912,994
LK-3212125,711,335,376
LK-3212130,629,304,325
LK-3212135,1085,508,577
LK-3212140,874,414,460
LK-3212145,1299,620,679
LK-3212150,969,437,532
LK-3212155,686,327,359
LK-3212160,818,401,417
LK-3212165,1234,589,645
LK-3212170,1257,590,667
LK-3212175,943,429,514
LK-3212180,1004,487,517
LK-3212185,873,409,464
LK-3212190,1593,755,838
LK-3212195,1606,748,858
LK-3212200,1349,695,654
LK-3212205,764,355,409
LK-3212210,799,375,424
LK-3212215,948,456,492
LK-3212220,1120,520,600
LK-3212225,823,390,433
LK-3212230,804,379,425
LK-3212235,904,455,449
LK-3212240,1320,632,688
LK-3215,32304,15391,16913
LK-3215005,478,232,246
LK-3215010,1471,693,778
LK-3215015,913,447,466
LK-3215020,1512,748,764
LK-3215025,979,481,498
LK-3215030,1332,642,690
LK-3215035,1322,643,679
LK-3215040,1063,496,567
LK-3215045,1742,849,893
LK-3215050,1966,962,1004
LK-3215055,1426,688,738
LK-3215060,1201,586,615
LK-3215065,1180,569,611
LK-3215070,1735,800,935
LK-3215075,979,445,534
LK-3215080,1300,609,691
LK-3215085,748,326,422
LK-3215090,1081,498,583
LK-3215095,569,271,298
LK-3215100,1432,573,859
LK-3215105,945,468,477
LK-3215110,496,240,256
LK-3215115,850,411,439
LK-3215120,1157,564,593
LK-3215125,1796,872,924
LK-3215130,833,394,439
LK-3215135,573,280,293
LK-3215140,1225,604,621
LK-3218,52912,25640,27272
LK-3218005,515,262,253
LK-3218010,1728,824,904
LK-3218015,617,309,308
LK-3218020,1203,581,622
LK-3218025,1073,500,573
LK-3218030,655,293,362
LK-3218035,712,347,365
LK-3218040,543,263,280
LK-3218045,1202,564,638
LK-3218050,1564,786,778
LK-3218055,491,246,245
LK-3218060,1587,772,815
LK-3218065,1535,738,797
LK-3218070,1128,573,555
LK-3218075,1149,560,589
LK-3218080,1376,658,718
LK-3218085,919,426,493
LK-3218090,1242,609,633
LK-3218095,768,390,378
LK-3218100,1025,518,507
LK-3218105,894,432,462
LK-3218110,1016,505,511
LK-3218115,603,284,319
LK-3218120,1687,809,878
LK-3218125,1130,580,550
LK-3218130,1289,620,669
LK-3218135,782,379,403
LK-3218140,1436,676,760
LK-3218145,1421,703,718
LK-3218150,1804,858,946
LK-3218155,1249,628,621
LK-3218160,1582,760,822
LK-3218165,1178,589,589
LK-3218170,2023,987,1036
LK-3218175,966,468,498
LK-3218180,1168,557,611
LK-3218185,1183,566,617
LK-3218190,1104,541,563
LK-3218195,984,462,522
LK-3218200,1106,520,586
LK-3218205,1356,645,711
LK-3218210,1544,727,817
LK-3218215,1225,620,605
LK-3218220,629,295,334
LK-3218225,1537,760,777
LK-3218230,984,450,534
LK-3221,52098,24674,27424
LK-3221005,995,448,547
LK-3221010,1340,621,719
LK-3221015,1375,646,729
LK-3221020,1030,500,530
LK-3221025,1757,825,932
LK-3221030,1406,640,766
LK-3221035,731,336,395
LK-3221040,1408,673,735
LK-3221045,771,348,423
LK-3221050,923,451,472
LK-3221055,1429,685,744
LK-3221060,1982,980,1002
LK-3221065,1095,525,570
LK-3221070,933,442,491
LK-3221075,715,347,368
LK-3221080,889,406,483
LK-3221085,472,229,243
LK-3221090,1133,507,626
LK-3221095,1375,656,719
LK-3221100,1345,647,698
LK-3221105,1446,675,771
LK-3221110,929,452,477
LK-3221115,1322,625,697
LK-3221120,1467,678,789
LK-3221125,1231,579,652
LK-3221130,1855,865,990
LK-3221135,1314,615,699
LK-3221140,3348,1595,1753
LK-3221145,2082,986,1096
LK-3221150,743,344,399
LK-3221155,550,255,295
LK-3221160,957,484,473
LK-3221165,1377,655,722
LK-3221170,2164,1035,1129
LK-3221175,1209,595,614
LK-3221180,2427,1169,1258
LK-3221185,1696,779,917
LK-3221190,2877,1376,1501
LK-3224,34856,16369,18487
LK-3224005,951,425,526
LK-3224010,1022,485,537
LK-3224015,1126,543,583
LK-3224020,691,329,362
LK-3224025,588,277,311
LK-3224030,876,415,461
LK-3224035,1025,465,560
LK-3224040,1198,562,636
LK-3224045,1035,480,555
LK-3224050,1468,702,766
LK-3224055,892,415,477
LK-3224060,758,341,417
LK-3224065,1878,873,1005
LK-3224070,485,228,257
LK-3224075,1392,642,750
LK-3224080,1654,791,863
LK-3224085,2457,1132,1325
LK-3224090,993,477,516
LK-3224095,1881,893,988
LK-3224100,801,377,424
LK-3224105,1557,731,826
LK-3224110,1546,701,845
LK-3224115,867,405,462
LK-3224120,1231,574,657
LK-3224125,1770,866,904
LK-3224130,972,467,505
LK-3224135,986,454,532
LK-3224140,1370,666,704
LK-3224145,1386,653,733
LK-3227,40969,19617,21352
LK-3227005,932,444,488
LK-3227010,768,351,417
LK-3227015,1275,609,666
LK-3227020,1053,514,539
LK-3227025,1343,683,660
LK-3227030,618,316,302
LK-3227035,692,355,337
LK-3227040,631,290,341
LK-3227045,1059,481,578
LK-3227050,881,415,466
LK-3227055,1541,757,784
LK-3227060,1182,558,624
LK-3227065,863,440,423
LK-3227070,1366,660,706
LK-3227075,1009,491,518
LK-3227080,1653,817,836
LK-3227085,1856,902,954
LK-3227090,833,404,429
LK-3227095,837,404,433
LK-3227100,876,411,465
LK-3227105,1194,592,602
LK-3227110,1369,673,696
LK-3227115,1272,606,666
LK-3227120,1345,619,726
LK-3227125,1769,840,929
LK-3227130,943,432,511
LK-3227135,1327,622,705
LK-3227140,1001,467,534
LK-3227145,855,413,442
LK-3227150,855,399,456
LK-3227155,724,325,399
LK-3227160,735,343,392
LK-3227165,981,459,522
LK-3227170,870,408,462
LK-3227175,1177,536,641
LK-3227180,938,457,481
LK-3227185,661,317,344
LK-3227190,1057,522,535
LK-3227195,628,285,343
LK-3230,31648,15007,16641
LK-3230005,1035,501,534
LK-3230010,1083,522,561
LK-3230015,798,369,429
LK-3230020,1343,648,695
LK-3230025,1184,562,622
LK-3230030,757,339,418
LK-3230035,526,244,282
LK-3230040,771,398,373
LK-3230045,387,184,203
LK-3230050,772,373,399
LK-3230055,654,306,348
LK-3230060,616,302,314
LK-3230065,1013,495,518
LK-3230070,1416,678,738
LK-3230075,882,435,447
LK-3230080,1389,681,708
LK-3230085,903,410,493
LK-3230090,868,405,463
LK-3230095,669,304,365
LK-3230100,764,371,393
LK-3230105,778,362,416
LK-3230110,1037,517,520
LK-3230115,1030,502,528
LK-3230120,922,434,488
LK-3230125,756,363,393
LK-3230130,1317,620,697
LK-3230135,914,420,494
LK-3230140,1076,497,579
LK-3230145,1190,558,632
LK-3230150,639,311,328
LK-3230155,1021,480,541
LK-3230160,905,423,482
LK-3230165,955,394,561
LK-3230170,1278,599,679
LK-3233,20291,9606,10685
LK-3233005,1012,454,558
LK-3233010,945,430,515
LK-3233015,1021,497,524
LK-3233020,609,290,319
LK-3233025,963,462,501
LK-3233030,800,389,411
LK-3233035,745,356,389
LK-3233040,970,447,523
LK-3233045,560,275,285
LK-3233050,832,387,445
LK-3233055,742,339,403
LK-3233060,681,317,364
LK-3233065,793,382,411
LK-3233070,801,384,417
LK-3233075,687,332,355
LK-3233080,742,342,400
LK-3233085,926,445,481
LK-3233090,854,410,444
LK-3233095,1132,536,596
LK-3233100,859,404,455
LK-3233105,924,442,482
LK-3233110,628,298,330
LK-3233115,816,411,405
LK-3233120,608,290,318
LK-3233125,641,287,354
LK-3236,33535,15907,17628
LK-3236005,937,426,511
LK-3236010,951,436,515
LK-3236015,698,325,373
LK-3236020,959,479,480
LK-3236025,1042,474,568
LK-3236030,1000,459,541
LK-3236035,1360,624,736
LK-3236040,714,341,373
LK-3236045,1103,534,569
LK-3236050,609,303,306
LK-3236055,646,304,342
LK-3236060,466,225,241
LK-3236065,993,467,526
LK-3236070,848,421,427
LK-3236075,384,179,205
LK-3236080,639,294,345
LK-3236085,1009,488,521
LK-3236090,975,482,493
LK-3236095,1299,624,675
LK-3236100,794,407,387
LK-3236105,458,216,242
LK-3236110,579,271,308
LK-3236115,727,326,401
LK-3236120,600,270,330
LK-3236125,611,264,347
LK-3236130,780,369,411
LK-3236135,611,272,339
LK-3236140,1103,534,569
LK-3236145,813,379,434
LK-3236150,755,357,398
LK-3236155,681,305,376
LK-3236160,918,435,483
LK-3236165,1000,483,517
LK-3236170,895,433,462
LK-3236175,1072,539,533
LK-3236180,928,440,488
LK-3236185,502,221,281
LK-3236190,897,429,468
LK-3236195,1018,502,516
LK-3236200,1161,570,591
LK-3239,72843,35157,37686
LK-3239005,1752,844,908
LK-3239010,1232,624,608
LK-3239015,1316,614,702
LK-3239020,912,416,496
LK-3239025,1368,627,741
LK-3239030,1703,809,894
LK-3239035,3522,1706,1816
LK-3239040,1228,609,619
LK-3239045,1587,756,831
LK-3239050,1150,550,600
LK-3239055,2397,1126,1271
LK-3239060,3223,1638,1585
LK-3239065,2166,1061,1105
LK-3239070,943,443,500
LK-3239075,1399,659,740
LK-3239080,1363,657,706
LK-3239085,2849,1345,1504
LK-3239090,1838,864,974
LK-3239095,1070,501,569
LK-3239100,1152,549,603
LK-3239105,1320,634,686
LK-3239110,1568,700,868
LK-3239115,1675,924,751
LK-3239120,1225,599,626
LK-3239125,1380,654,726
LK-3239130,2424,1187,1237
LK-3239135,1364,662,702
LK-3239140,1786,848,938
LK-3239145,1218,589,629
LK-3239150,1207,573,634
LK-3239155,1459,697,762
LK-3239160,1190,597,593
LK-3239165,976,480,496
LK-3239170,1189,570,619
LK-3239175,1244,598,646
LK-3239180,1700,809,891
LK-3239185,1366,659,707
LK-3239190,1682,851,831
LK-3239195,1339,659,680
LK-3239200,1894,894,1000
LK-3239205,1223,597,626
LK-3239210,1617,805,812
LK-3239215,1748,849,899
LK-3239220,833,383,450
LK-3239225,1426,685,741
LK-3239230,820,387,433
LK-3239235,674,328,346
LK-3239240,1126,541,585
LK-3242,115805,54810,60995
LK-3242005,1096,525,571
LK-3242010,1784,844,940
LK-3242015,746,350,396
LK-3242020,1182,553,629
LK-3242025,1287,588,699
LK-3242030,683,332,351
LK-3242035,1915,887,1028
LK-3242040,1115,536,579
LK-3242045,523,246,277
LK-3242050,923,437,486
LK-3242055,1817,839,978
LK-3242060,1246,580,666
LK-3242065,775,358,417
LK-3242070,1494,738,756
LK-3242075,1663,800,863
LK-3242080,2225,1056,1169
LK-3242085,3719,1694,2025
LK-3242090,2174,1016,1158
LK-3242095,1030,483,547
LK-3242100,1530,731,799
LK-3242105,2634,1283,1351
LK-3242110,1321,617,704
LK-3242115,2593,1288,1305
LK-3242120,1350,675,675
LK-3242125,2952,1320,1632
LK-3242130,2534,1197,1337
LK-3242135,3060,1448,1612
LK-3242140,1699,811,888
LK-3242145,721,335,386
LK-3242150,2835,1406,1429
LK-3242155,1721,788,933
LK-3242160,3181,1488,1693
LK-3242165,1197,583,614
LK-3242170,2827,1361,1466
LK-3242175,1294,604,690
LK-3242180,1123,542,581
LK-3242185,2235,1060,1175
LK-3242190,2302,1045,1257
LK-3242195,2064,954,1110
LK-3242200,1771,827,944
LK-3242205,3616,1720,1896
LK-3242210,1973,922,1051
LK-3242215,1946,983,963
LK-3242220,2316,1108,1208
LK-3242225,1071,498,573
LK-3242230,2044,972,1072
LK-3242235,2569,1267,1302
LK-3242240,1955,906,1049
LK-3242245,1971,915,1056
LK-3242250,965,474,491
LK-3242255,2256,1104,1152
LK-3242260,2610,1266,1344
LK-3242265,934,422,512
LK-3242270,1356,687,669
LK-3242275,1584,731,853
LK-3242280,1082,696,386
LK-3242285,1204,580,624
LK-3242290,1417,801,616
LK-3242295,1671,756,915
LK-3242300,2695,1332,1363
LK-3242305,1612,740,872
LK-3242310,920,429,491
LK-3242315,883,403,480
LK-3242320,1954,479,1475
LK-3242325,1726,905,821
LK-3242330,1134,489,645
LK-3245,48253,22900,25353
LK-3245005,1420,665,755
LK-3245010,806,384,422
LK-3245015,1007,472,535
LK-3245020,690,373,317
LK-3245025,1303,600,703
LK-3245030,1664,773,891
LK-3245035,936,430,506
LK-3245040,700,340,360
LK-3245045,898,399,499
LK-3245050,422,188,234
LK-3245055,481,216,265
LK-3245060,1042,493,549
LK-3245065,782,357,425
LK-3245070,1217,588,629
LK-3245075,875,413,462
LK-3245080,1424,651,773
LK-3245085,715,342,373
LK-3245090,815,366,449
LK-3245095,1403,645,758
LK-3245100,941,420,521
LK-3245105,1769,849,920
LK-3245110,925,458,467
LK-3245115,1105,544,561
LK-3245120,1247,575,672
LK-3245125,4004,1892,2112
LK-3245130,1396,698,698
LK-3245135,1355,652,703
LK-3245140,1036,494,542
LK-3245145,1137,534,603
LK-3245150,2170,1039,1131
LK-3245155,2589,1267,1322
LK-3245160,1024,500,524
LK-3245165,1497,678,819
LK-3245170,574,275,299
LK-3245175,1025,485,540
LK-3245180,1348,677,671
LK-3245185,1213,569,644
LK-3245190,478,238,240
LK-3245195,877,440,437
LK-3245200,936,431,505
LK-3245205,1007,490,517
LK-3248,54672,25961,28711
LK-3248005,481,220,261
LK-3248010,769,370,399
LK-3248015,827,408,419
LK-3248020,802,378,424
LK-3248025,643,309,334
LK-3248030,1061,482,579
LK-3248035,811,369,442
LK-3248040,773,358,415
LK-3248045,805,387,418
LK-3248050,1051,467,584
LK-3248055,699,322,377
LK-3248060,784,368,416
LK-3248065,1533,729,804
LK-3248070,651,292,359
LK-3248075,945,436,509
LK-3248080,1583,733,850
LK-3248085,556,274,282
LK-3248090,1135,560,575
LK-3248095,1212,558,654
LK-3248100,830,400,430
LK-3248105,1690,787,903
LK-3248110,1147,543,604
LK-3248115,1907,906,1001
LK-3248120,1355,637,718
LK-3248125,2223,1082,1141
LK-3248130,1334,676,658
LK-3248135,1437,701,736
LK-3248140,1992,960,1032
LK-3248145,1260,613,647
LK-3248150,1262,589,673
LK-3248155,1350,626,724
LK-3248160,702,325,377
LK-3248165,1159,561,598
LK-3248170,1904,928,976
LK-3248175,1150,541,609
LK-3248180,1964,919,1045
LK-3248185,1031,496,535
LK-3248190,892,418,474
LK-3248195,1478,721,757
LK-3248200,1020,473,547
LK-3248205,952,432,520
LK-3248210,1072,531,541
LK-3248215,1928,873,1055
LK-3248220,1289,601,688
LK-3248225,905,467,438
LK-3248230,594,303,291
LK-3248235,456,225,231
LK-3248240,1268,607,661
LK-33,599903,294736,305167
LK-3303,43102,21876,21226
LK-3303005,581,296,285
LK-3303010,1226,620,606
LK-3303015,1285,662,623
LK-3303020,1104,571,533
LK-3303025,1187,604,583
LK-3303030,2576,1309,1267
LK-3303035,2674,1352,1322
LK-3303040,2018,1034,984
LK-3303045,2624,1319,1305
LK-3303050,2180,1149,1031
LK-3303055,2168,1092,1076
LK-3303060,4124,2080,2044
LK-3303065,3109,1536,1573
LK-3303070,2209,1097,1112
LK-3303075,2121,1036,1085
LK-3303080,2793,1428,1365
LK-3303085,1740,877,863
LK-3303090,1616,848,768
LK-3303095,1782,896,886
LK-3303100,1080,539,541
LK-3303105,2905,1531,1374
LK-3306,31559,16178,15381
LK-3306005,839,469,370
LK-3306010,276,141,135
LK-3306015,327,182,145
LK-3306020,1440,739,701
LK-3306025,1147,573,574
LK-3306030,702,378,324
LK-3306035,1579,796,783
LK-3306040,919,453,466
LK-3306045,2237,1111,1126
LK-3306050,1131,548,583
LK-3306055,1873,949,924
LK-3306060,1081,543,538
LK-3306065,614,303,311
LK-3306070,304,161,143
LK-3306075,743,385,358
LK-3306080,769,413,356
LK-3306085,852,605,247
LK-3306090,1021,512,509
LK-3306095,624,317,307
LK-3306100,713,349,364
LK-3306105,679,339,340
LK-3306110,1157,575,582
LK-3306115,935,457,478
LK-3306120,1426,704,722
LK-3306125,414,203,211
LK-3306130,462,230,232
LK-3306135,1043,535,508
LK-3306140,1073,556,517
LK-3306145,287,149,138
LK-3306150,792,411,381
LK-3306155,927,466,461
LK-3306160,945,486,459
LK-3306165,448,218,230
LK-3306170,878,442,436
LK-3306175,252,128,124
LK-3306180,650,352,298
LK-3309,68606,34478,34128
LK-3309005,2173,1083,1090
LK-3309010,3614,2034,1580
LK-3309015,1958,982,976
LK-3309020,2642,1338,1304
LK-3309025,2550,1285,1265
LK-3309030,1853,911,942
LK-3309035,1937,953,984
LK-3309040,1076,513,563
LK-3309045,1761,866,895
LK-3309050,1066,505,561
LK-3309055,1556,745,811
LK-3309060,1298,639,659
LK-3309065,1334,668,666
LK-3309070,1178,571,607
LK-3309075,1348,669,679
LK-3309080,919,451,468
LK-3309085,1748,906,842
LK-3309090,2360,1204,1156
LK-3309095,844,421,423
LK-3309100,1504,743,761
LK-3309105,1081,540,541
LK-3309110,1714,819,895
LK-3309115,1956,947,1009
LK-3309120,998,511,487
LK-3309125,1044,523,521
LK-3309130,1176,594,582
LK-3309135,2543,1475,1068
LK-3309140,1263,629,634
LK-3309145,1422,712,710
LK-3309150,1397,699,698
LK-3309155,2007,1008,999
LK-3309160,1021,517,504
LK-3309165,2171,1079,1092
LK-3309170,1624,794,830
LK-3309175,1137,550,587
LK-3309180,655,324,331
LK-3309185,1394,679,715
LK-3309190,1028,503,525
LK-3309195,1002,489,513
LK-3309200,1210,607,603
LK-3309205,1369,688,681
LK-3309210,1364,664,700
LK-3309215,1027,505,522
LK-3309220,2284,1135,1149
LK-3312,57264,28652,28612
LK-3312005,1333,751,582
LK-3312010,698,417,281
LK-3312015,1730,886,844
LK-3312020,1209,586,623
LK-3312025,942,474,468
LK-3312030,1109,542,567
LK-3312035,1034,499,535
LK-3312040,1866,937,929
LK-3312045,1192,671,521
LK-3312050,1029,616,413
LK-3312055,2328,1133,1195
LK-3312060,1462,710,752
LK-3312065,1129,565,564
LK-3312070,1647,812,835
LK-3312075,1566,747,819
LK-3312080,1449,740,709
LK-3312085,1261,621,640
LK-3312090,1672,844,828
LK-3312095,2024,987,1037
LK-3312100,3401,1706,1695
LK-3312105,2333,1117,1216
LK-3312110,1759,892,867
LK-3312115,2007,1014,993
LK-3312120,7302,3528,3774
LK-3312125,981,525,456
LK-3312130,6505,3174,3331
LK-3312135,2816,1432,1384
LK-3312140,1649,805,844
LK-3312145,556,266,290
LK-3312150,1275,655,620
LK-3315,72943,35996,36947
LK-3315005,842,412,430
LK-3315010,2040,992,1048
LK-3315015,1701,820,881
LK-3315020,1683,859,824
LK-3315025,1484,741,743
LK-3315030,1582,814,768
LK-3315035,1138,579,559
LK-3315040,1344,674,670
LK-3315045,1964,992,972
LK-3315050,1436,718,718
LK-3315055,1967,1000,967
LK-3315060,1083,557,526
LK-3315065,798,380,418
LK-3315070,1103,545,558
LK-3315075,1560,765,795
LK-3315080,1027,523,504
LK-3315085,1350,654,696
LK-3315090,1267,634,633
LK-3315095,1756,869,887
LK-3315100,956,457,499
LK-3315105,1503,771,732
LK-3315110,1427,717,710
LK-3315115,1483,746,737
LK-3315120,1719,823,896
LK-3315125,770,379,391
LK-3315130,542,264,278
LK-3315135,978,478,500
LK-3315140,916,442,474
LK-3315145,891,430,461
LK-3315150,1090,520,570
LK-3315155,1734,851,883
LK-3315160,1050,499,551
LK-3315165,1119,572,547
LK-3315170,1330,647,683
LK-3315175,2972,1499,1473
LK-3315180,957,488,469
LK-3315185,896,448,448
LK-3315190,1124,517,607
LK-3315195,2001,984,1017
LK-3315200,1348,664,684
LK-3315205,1850,905,945
LK-3315210,718,353,365
LK-3315215,822,390,432
LK-3315220,666,332,334
LK-3315225,1186,569,617
LK-3315230,1422,686,736
LK-3315235,1347,673,674
LK-3315240,1642,767,875
LK-3315245,675,326,349
LK-3315250,1092,531,561
LK-3315255,1322,631,691
LK-3315260,1618,853,765
LK-3315265,1298,622,676
LK-3315270,1849,891,958
LK-3315275,1505,743,762
LK-3318,48301,23630,24671
LK-3318005,563,275,288
LK-3318010,736,341,395
LK-3318015,732,354,378
LK-3318020,591,268,323
LK-3318025,1313,640,673
LK-3318030,586,282,304
LK-3318035,842,386,456
LK-3318040,1091,524,567
LK-3318045,1059,512,547
LK-3318050,807,389,418
LK-3318055,693,351,342
LK-3318060,636,312,324
LK-3318065,1185,600,585
LK-3318070,626,298,328
LK-3318075,1572,783,789
LK-3318080,715,349,366
LK-3318085,1132,544,588
LK-3318090,430,196,234
LK-3318095,587,284,303
LK-3318100,560,287,273
LK-3318105,1546,779,767
LK-3318110,843,409,434
LK-3318115,816,410,406
LK-3318120,1365,675,690
LK-3318125,511,252,259
LK-3318130,928,457,471
LK-3318135,714,350,364
LK-3318140,671,314,357
LK-3318145,773,384,389
LK-3318150,811,394,417
LK-3318155,956,463,493
LK-3318160,1314,673,641
LK-3318165,430,198,232
LK-3318170,1358,662,696
LK-3318175,591,282,309
LK-3318180,801,410,391
LK-3318185,813,401,412
LK-3318190,1060,517,543
LK-3318195,2335,1177,1158
LK-3318200,1540,748,792
LK-3318205,1054,510,544
LK-3318210,706,340,366
LK-3318215,1272,615,657
LK-3318220,1289,632,657
LK-3318225,2508,1247,1261
LK-3318230,877,446,431
LK-3318235,389,193,196
LK-3318240,690,319,371
LK-3318245,647,312,335
LK-3318250,1193,593,600
LK-3318255,1044,493,551
LK-3321,41565,19949,21616
LK-3321005,843,402,441
LK-3321010,316,156,160
LK-3321015,659,349,310
LK-3321020,608,289,319
LK-3321025,610,311,299
LK-3321030,525,249,276
LK-3321035,605,290,315
LK-3321040,744,353,391
LK-3321045,739,379,360
LK-3321050,556,278,278
LK-3321055,552,260,292
LK-3321060,773,351,422
LK-3321065,755,376,379
LK-3321070,1032,478,554
LK-3321075,466,222,244
LK-3321080,492,233,259
LK-3321085,399,194,205
LK-3321090,1121,527,594
LK-3321095,542,269,273
LK-3321100,322,166,156
LK-3321105,648,325,323
LK-3321110,420,197,223
LK-3321115,656,319,337
LK-3321120,623,305,318
LK-3321125,783,359,424
LK-3321130,516,254,262
LK-3321135,348,161,187
LK-3321140,887,420,467
LK-3321145,353,160,193
LK-3321150,851,409,442
LK-3321155,979,471,508
LK-3321160,546,261,285
LK-3321165,610,288,322
LK-3321170,1422,685,737
LK-3321175,1118,521,597
LK-3321180,862,397,465
LK-3321185,876,431,445
LK-3321190,758,350,408
LK-3321195,559,248,311
LK-3321200,491,230,261
LK-3321205,481,216,265
LK-3321210,522,259,263
LK-3321215,427,198,229
LK-3321220,570,275,295
LK-3321225,837,397,440
LK-3321230,1197,575,622
LK-3321235,1051,520,531
LK-3321240,778,377,401
LK-3321245,880,437,443
LK-3321250,1115,544,571
LK-3321255,942,442,500
LK-3321260,419,222,197
LK-3321265,801,374,427
LK-3321270,919,433,486
LK-3321275,415,200,215
LK-3321280,653,316,337
LK-3321285,560,264,296
LK-3321290,948,467,481
LK-3321295,567,256,311
LK-3321300,518,254,264
LK-3324,46772,22736,24036
LK-3324005,702,353,349
LK-3324010,1539,777,762
LK-3324015,917,442,475
LK-3324020,733,369,364
LK-3324025,331,163,168
LK-3324030,693,304,389
LK-3324035,307,152,155
LK-3324040,936,461,475
LK-3324045,545,267,278
LK-3324050,948,459,489
LK-3324055,779,374,405
LK-3324060,1126,563,563
LK-3324065,1819,878,941
LK-3324070,624,309,315
LK-3324075,507,254,253
LK-3324080,805,398,407
LK-3324085,1117,554,563
LK-3324090,963,474,489
LK-3324095,1370,660,710
LK-3324100,433,213,220
LK-3324105,613,287,326
LK-3324110,741,344,397
LK-3324115,1069,500,569
LK-3324120,1262,604,658
LK-3324125,1403,677,726
LK-3324130,962,471,491
LK-3324135,492,250,242
LK-3324140,496,231,265
LK-3324145,429,216,213
LK-3324150,1213,591,622
LK-3324155,644,329,315
LK-3324160,761,352,409
LK-3324165,738,364,374
LK-3324170,650,326,324
LK-3324175,1505,746,759
LK-3324180,838,392,446
LK-3324185,627,288,339
LK-3324190,387,204,183
LK-3324195,733,353,380
LK-3324200,543,252,291
LK-3324205,579,288,291
LK-3324210,607,289,318
LK-3324215,777,394,383
LK-3324220,621,278,343
LK-3324225,1043,505,538
LK-3324230,751,367,384
LK-3324235,790,389,401
LK-3324240,962,457,505
LK-3324245,808,404,404
LK-3324250,792,395,397
LK-3324255,1040,515,525
LK-3324260,1151,548,603
LK-3324265,826,381,445
LK-3324270,858,411,447
LK-3324275,640,306,334
LK-3324280,1227,608,619
LK-3325,42274,20357,21917
LK-3325005,762,387,375
LK-3325010,669,312,357
LK-3325015,783,387,396
LK-3325020,664,325,339
LK-3325025,777,357,420
LK-3325030,902,409,493
LK-3325035,887,407,480
LK-3325040,940,459,481
LK-3325045,742,351,391
LK-3325050,1046,496,550
LK-3325055,656,296,360
LK-3325060,774,369,405
LK-3325065,928,442,486
LK-3325070,768,381,387
LK-3325075,815,402,413
LK-3325080,726,339,387
LK-3325085,750,391,359
LK-3325090,717,363,354
LK-3325095,929,456,473
LK-3325100,800,375,425
LK-3325105,1039,459,580
LK-3325110,716,350,366
LK-3325115,797,400,397
LK-3325120,826,404,422
LK-3325125,523,270,253
LK-3325130,668,330,338
LK-3325135,825,407,418
LK-3325140,637,310,327
LK-3325145,761,365,396
LK-3325150,639,316,323
LK-3325155,860,416,444
LK-3325160,545,257,288
LK-3325165,742,368,374
LK-3325170,589,286,303
LK-3325175,445,213,232
LK-3325180,827,371,456
LK-3325185,768,345,423
LK-3325190,1406,659,747
LK-3325195,1176,568,608
LK-3325200,1255,611,644
LK-3325205,444,223,221
LK-3325210,845,399,446
LK-3325215,1347,641,706
LK-3325220,743,342,401
LK-3325225,771,370,401
LK-3325230,433,214,219
LK-3325235,850,429,421
LK-3325240,702,338,364
LK-3325245,764,384,380
LK-3325250,291,164,127
LK-3325255,1515,718,797
LK-3325260,686,332,354
LK-3325265,804,394,410
LK-3327,19018,9015,10003
LK-3327005,739,350,389
LK-3327010,708,326,382
LK-3327015,1565,761,804
LK-3327020,729,324,405
LK-3327025,975,462,513
LK-3327030,611,275,336
LK-3327035,910,457,453
LK-3327040,771,368,403
LK-3327045,1178,560,618
LK-3327050,725,354,371
LK-3327055,648,311,337
LK-3327060,529,236,293
LK-3327065,815,394,421
LK-3327070,816,396,420
LK-3327075,685,335,350
LK-3327080,432,199,233
LK-3327085,619,293,326
LK-3327090,654,302,352
LK-3327095,546,246,300
LK-3327100,669,308,361
LK-3327105,527,243,284
LK-3327110,600,299,301
LK-3327115,819,410,409
LK-3327120,458,212,246
LK-3327125,371,167,204
LK-3327130,514,247,267
LK-3327135,405,180,225
LK-3330,55992,26697,29295
LK-3330005,440,212,228
LK-3330010,728,364,364
LK-3330015,613,282,331
LK-3330020,428,199,229
LK-3330025,700,334,366
LK-3330030,899,421,478
LK-3330035,572,268,304
LK-3330040,550,245,305
LK-3330045,524,248,276
LK-3330050,904,408,496
LK-3330055,490,227,263
LK-3330060,853,403,450
LK-3330065,359,159,200
LK-3330070,682,326,356
LK-3330075,442,208,234
LK-3330080,924,444,480
LK-3330085,405,191,214
LK-3330090,1044,492,552
LK-3330095,731,335,396
LK-3330100,439,216,223
LK-3330105,1187,572,615
LK-3330110,624,295,329
LK-3330115,851,371,480
LK-3330120,797,393,404
LK-3330125,766,384,382
LK-3330130,932,462,470
LK-3330135,834,411,423
LK-3330140,547,255,292
LK-3330145,751,359,392
LK-3330150,762,360,402
LK-3330155,916,440,476
LK-3330160,723,336,387
LK-3330165,537,267,270
LK-3330170,1116,535,581
LK-3330175,380,200,180
LK-3330180,892,421,471
LK-3330185,645,335,310
LK-3330190,822,399,423
LK-3330195,1088,554,534
LK-3330200,1240,577,663
LK-3330205,870,414,456
LK-3330210,719,349,370
LK-3330215,1195,566,629
LK-3330220,1437,674,763
LK-3330225,1010,485,525
LK-3330230,771,369,402
LK-3330235,969,455,514
LK-3330240,831,390,441
LK-3330245,672,329,343
LK-3330250,1660,774,886
LK-3330255,1059,522,537
LK-3330260,415,205,210
LK-3330265,725,347,378
LK-3330270,1438,681,757
LK-3330275,808,409,399
LK-3330280,653,308,345
LK-3330285,812,378,434
LK-3330290,1229,595,634
LK-3330295,542,262,280
LK-3330300,734,369,365
LK-3330305,930,439,491
LK-3330310,476,229,247
LK-3330315,753,356,397
LK-3330320,636,310,326
LK-3330325,747,363,384
LK-3330330,592,263,329
LK-3330335,727,362,365
LK-3330340,643,293,350
LK-3330345,1130,516,614
LK-3330350,1030,480,550
LK-3330355,642,297,345
LK-3333,72507,35172,37335
LK-3333005,1130,545,585
LK-3333010,1005,508,497
LK-3333015,1187,565,622
LK-3333020,914,468,446
LK-3333025,899,408,491
LK-3333030,521,247,274
LK-3333035,1175,570,605
LK-3333040,1671,833,838
LK-3333045,1757,864,893
LK-3333050,1773,871,902
LK-3333055,1367,647,720
LK-3333060,829,401,428
LK-3333065,864,385,479
LK-3333070,643,296,347
LK-3333075,504,239,265
LK-3333080,436,198,238
LK-3333085,305,145,160
LK-3333090,722,347,375
LK-3333095,445,214,231
LK-3333100,763,375,388
LK-3333105,611,278,333
LK-3333110,627,312,315
LK-3333115,1198,589,609
LK-3333120,1179,538,641
LK-3333125,1622,800,822
LK-3333130,1777,870,907
LK-3333135,1386,684,702
LK-3333140,1690,810,880
LK-3333145,1302,638,664
LK-3333150,1640,782,858
LK-3333155,859,434,425
LK-3333160,423,222,201
LK-3333165,1348,705,643
LK-3333170,761,359,402
LK-3333175,1038,511,527
LK-3333180,1109,567,542
LK-3333185,919,441,478
LK-3333190,1007,467,540
LK-3333195,754,339,415
LK-3333200,414,191,223
LK-3333205,689,342,347
LK-3333210,555,255,300
LK-3333215,1209,586,623
LK-3333220,2539,1241,1298
LK-3333225,1562,771,791
LK-3333230,563,277,286
LK-3333235,1921,909,1012
LK-3333240,1242,624,618
LK-3333245,1221,586,635
LK-3333250,573,243,330
LK-3333255,1315,691,624
LK-3333260,1134,537,597
LK-3333265,1744,855,889
LK-3333270,624,305,319
LK-3333275,887,429,458
LK-3333280,1365,636,729
LK-3333285,888,420,468
LK-3333290,1093,541,552
LK-3333295,1183,600,583
LK-3333300,443,201,242
LK-3333305,920,446,474
LK-3333310,1114,548,566
LK-3333315,486,228,258
LK-3333320,707,346,361
LK-3333325,464,233,231
LK-3333330,1098,508,590
LK-3333335,884,437,447
LK-3333340,711,350,361
LK-3333345,501,231,270
LK-3333350,182,83,99
LK-3333355,1354,655,699
LK-3333360,762,395,367
LK-4,1061315,510760,550555
LK-41,583882,274173,309709
LK-4103,9876,4683,5193
LK-4103005,840,418,422
LK-4103010,941,460,481
LK-4103015,555,264,291
LK-4103020,578,259,319
LK-4103025,559,294,265
LK-4103030,932,442,490
LK-4103035,463,218,245
LK-4103040,1065,493,572
LK-4103045,327,155,172
LK-4103050,564,265,299
LK-4103055,614,270,344
LK-4103060,246,95,151
LK-4103065,791,397,394
LK-4103070,1108,516,592
LK-4103075,293,137,156
LK-4104,9576,4379,5197
LK-4104005,611,276,335
LK-4104010,1604,746,858
LK-4104015,1466,683,783
LK-4104020,1416,635,781
LK-4104025,334,139,195
LK-4104030,1447,672,775
LK-4104035,406,182,224
LK-4104040,1250,568,682
LK-4104045,1042,478,564
LK-4106,46438,21794,24644
LK-4106005,1655,735,920
LK-4106010,1341,600,741
LK-4106015,1851,864,987
LK-4106020,1245,599,646
LK-4106025,1968,942,1026
LK-4106030,2340,1112,1228
LK-4106035,2067,966,1101
LK-4106040,1852,868,984
LK-4106045,2860,1357,1503
LK-4106050,1430,698,732
LK-4106055,1365,617,748
LK-4106060,1243,576,667
LK-4106065,2397,1135,1262
LK-4106070,1166,540,626
LK-4106075,3178,1536,1642
LK-4106080,2122,978,1144
LK-4106085,1660,765,895
LK-4106090,2747,1295,1452
LK-4106095,1602,766,836
LK-4106100,1293,561,732
LK-4106105,1370,654,716
LK-4106110,1596,750,846
LK-4106115,1901,892,1009
LK-4106120,1958,965,993
LK-4106125,2231,1023,1208
LK-4109,52269,24534,27735
LK-4109005,1706,787,919
LK-4109010,2067,961,1106
LK-4109015,1713,839,874
LK-4109020,3466,1603,1863
LK-4109025,3810,1799,2011
LK-4109030,2652,1218,1434
LK-4109035,1491,682,809
LK-4109040,1645,811,834
LK-4109045,1343,621,722
LK-4109050,2183,1028,1155
LK-4109055,1693,784,909
LK-4109060,2370,1153,1217
LK-4109065,1977,916,1061
LK-4109070,2066,985,1081
LK-4109075,1274,591,683
LK-4109080,1801,826,975
LK-4109085,1778,807,971
LK-4109090,2635,1224,1411
LK-4109095,1788,837,951
LK-4109100,1984,968,1016
LK-4109105,824,376,448
LK-4109110,2568,1251,1317
LK-4109115,1076,487,589
LK-4109120,773,376,397
LK-4109125,1603,752,851
LK-4109130,1252,588,664
LK-4109135,2097,1019,1078
LK-4109140,634,245,389
LK-4112,29518,14097,15421
LK-4112005,2199,1059,1140
LK-4112010,2142,1027,1115
LK-4112015,2493,1156,1337
LK-4112020,1506,703,803
LK-4112025,1244,564,680
LK-4112030,1746,834,912
LK-4112035,1141,555,586
LK-4112040,2020,993,1027
LK-4112045,2134,1006,1128
LK-4112050,966,458,508
LK-4112055,1521,721,800
LK-4112060,487,227,260
LK-4112065,925,436,489
LK-4112070,849,371,478
LK-4112075,388,185,203
LK-4112080,1491,716,775
LK-4112085,518,241,277
LK-4112090,1732,749,983
LK-4112095,818,392,426
LK-4112100,47,16,31
LK-4112105,104,62,42
LK-4112115,325,304,21
LK-4112125,12,5,7
LK-4112130,31,14,17
LK-4112135,132,60,72
LK-4112140,827,387,440
LK-4112160,160,79,81
LK-4112165,1398,674,724
LK-4112170,117,58,59
LK-4112225,45,45,0
LK-4115,53016,24645,28371
LK-4115005,1479,686,793
LK-4115010,2008,941,1067
LK-4115015,2089,974,1115
LK-4115020,2931,1279,1652
LK-4115025,2005,938,1067
LK-4115030,2759,1285,1474
LK-4115035,1664,793,871
LK-4115040,814,357,457
LK-4115045,2359,1046,1313
LK-4115050,1298,624,674
LK-4115055,2215,1038,1177
LK-4115060,1458,680,778
LK-4115065,1705,822,883
LK-4115070,1227,581,646
LK-4115075,3687,1733,1954
LK-4115080,1586,770,816
LK-4115085,1722,797,925
LK-4115090,1650,760,890
LK-4115095,1661,745,916
LK-4115100,1453,675,778
LK-4115105,1603,743,860
LK-4115110,3360,1608,1752
LK-4115115,1322,602,720
LK-4115120,1566,712,854
LK-4115125,1155,520,635
LK-4115130,1094,512,582
LK-4115135,1001,459,542
LK-4115140,1677,798,879
LK-4115145,1815,851,964
LK-4115150,653,316,337
LK-4118,73225,34410,38815
LK-4118005,2552,1196,1356
LK-4118010,2178,1053,1125
LK-4118015,2190,1042,1148
LK-4118020,3825,1792,2033
LK-4118025,3728,1660,2068
LK-4118030,2598,1276,1322
LK-4118035,2643,1247,1396
LK-4118040,2397,1099,1298
LK-4118045,4678,2240,2438
LK-4118050,2641,1229,1412
LK-4118055,3295,1576,1719
LK-4118060,2156,1000,1156
LK-4118065,2546,1155,1391
LK-4118070,1159,516,643
LK-4118075,1845,847,998
LK-4118080,2088,975,1113
LK-4118085,3173,1554,1619
LK-4118090,1603,766,837
LK-4118095,1335,612,723
LK-4118100,1256,614,642
LK-4118105,2414,1126,1288
LK-4118110,3556,1675,1881
LK-4118115,3241,1546,1695
LK-4118120,1035,512,523
LK-4118125,2342,1151,1191
LK-4118130,1874,850,1024
LK-4118135,833,404,429
LK-4118140,860,436,424
LK-4118145,2037,959,1078
LK-4118150,2798,1297,1501
LK-4118155,2349,1005,1344
LK-4121,45730,21210,24520
LK-4121005,1736,805,931
LK-4121010,2034,977,1057
LK-4121015,1624,760,864
LK-4121020,1348,633,715
LK-4121025,1460,687,773
LK-4121030,1929,878,1051
LK-4121035,1027,455,572
LK-4121040,997,442,555
LK-4121045,1275,586,689
LK-4121050,1472,676,796
LK-4121055,1901,898,1003
LK-4121060,2213,987,1226
LK-4121065,1669,791,878
LK-4121070,1581,741,840
LK-4121075,1255,568,687
LK-4121080,1696,787,909
LK-4121085,1026,473,553
LK-4121090,751,319,432
LK-4121095,837,387,450
LK-4121100,1305,606,699
LK-4121105,1321,602,719
LK-4121110,1176,541,635
LK-4121115,1387,656,731
LK-4121120,1240,568,672
LK-4121125,678,314,364
LK-4121130,635,289,346
LK-4121135,1205,551,654
LK-4121140,1146,548,598
LK-4121145,1072,502,570
LK-4121150,1379,606,773
LK-4121155,1484,732,752
LK-4121160,1401,664,737
LK-4121165,1521,743,778
LK-4121170,746,344,402
LK-4121175,203,94,109
LK-4124,12766,6253,6513
LK-4124005,954,462,492
LK-4124010,1290,617,673
LK-4124015,632,315,317
LK-4124020,473,234,239
LK-4124025,642,308,334
LK-4124035,340,175,165
LK-4124040,85,47,38
LK-4124045,950,462,488
LK-4124050,505,234,271
LK-4124055,919,461,458
LK-4124060,874,435,439
LK-4124065,1526,739,787
LK-4124070,1135,532,603
LK-4124075,766,387,379
LK-4124080,1188,597,591
LK-4124085,487,248,239
LK-4127,47565,22325,25240
LK-4127005,721,357,364
LK-4127010,838,384,454
LK-4127015,2203,1061,1142
LK-4127020,673,320,353
LK-4127025,467,234,233
LK-4127030,983,476,507
LK-4127035,476,221,255
LK-4127040,582,264,318
LK-4127045,883,446,437
LK-4127050,685,334,351
LK-4127055,1889,884,1005
LK-4127060,2155,996,1159
LK-4127065,790,383,407
LK-4127070,1300,597,703
LK-4127075,2088,942,1146
LK-4127080,1888,890,998
LK-4127085,1404,649,755
LK-4127090,2030,954,1076
LK-4127095,2083,1053,1030
LK-4127100,1373,640,733
LK-4127105,2956,1375,1581
LK-4127110,1935,880,1055
LK-4127115,1303,632,671
LK-4127120,2432,1141,1291
LK-4127125,1796,798,998
LK-4127130,1043,471,572
LK-4127135,1602,735,867
LK-4127140,1367,662,705
LK-4127145,1874,875,999
LK-4127150,1398,664,734
LK-4127155,1518,727,791
LK-4127160,853,370,483
LK-4127165,536,244,292
LK-4127170,596,284,312
LK-4127175,845,382,463
LK-4130,64704,30483,34221
LK-4130005,538,263,275
LK-4130010,1585,756,829
LK-4130015,925,437,488
LK-4130020,1661,775,886
LK-4130025,711,327,384
LK-4130030,1212,556,656
LK-4130035,2157,1038,1119
LK-4130040,1112,506,606
LK-4130045,585,292,293
LK-4130050,878,446,432
LK-4130055,960,466,494
LK-4130060,358,168,190
LK-4130065,981,444,537
LK-4130070,2335,1123,1212
LK-4130075,1706,764,942
LK-4130080,914,418,496
LK-4130085,1080,477,603
LK-4130090,1831,880,951
LK-4130095,1145,562,583
LK-4130100,651,314,337
LK-4130105,1802,835,967
LK-4130110,706,333,373
LK-4130115,882,385,497
LK-4130120,620,303,317
LK-4130125,1108,543,565
LK-4130130,1072,501,571
LK-4130135,922,425,497
LK-4130140,1555,739,816
LK-4130145,1359,629,730
LK-4130150,739,345,394
LK-4130155,1839,883,956
LK-4130160,1845,873,972
LK-4130165,1127,513,614
LK-4130170,1505,701,804
LK-4130175,1310,620,690
LK-4130180,671,310,361
LK-4130185,1573,766,807
LK-4130190,1018,487,531
LK-4130195,1257,597,660
LK-4130200,1689,801,888
LK-4130205,1504,704,800
LK-4130210,867,419,448
LK-4130215,315,157,158
LK-4130220,541,267,274
LK-4130225,1394,667,727
LK-4130230,262,148,114
LK-4130235,680,325,355
LK-4130240,1105,529,576
LK-4130245,646,290,356
LK-4130250,770,368,402
LK-4130255,648,290,358
LK-4130260,1017,495,522
LK-4130265,348,169,179
LK-4130270,1085,510,575
LK-4130275,1177,546,631
LK-4130280,1123,505,618
LK-4130285,987,453,534
LK-4130290,1225,564,661
LK-4130295,705,311,394
LK-4130300,381,165,216
LK-4133,68142,31624,36518
LK-4133005,1471,715,756
LK-4133010,1098,517,581
LK-4133015,1831,897,934
LK-4133020,1582,732,850
LK-4133025,1105,507,598
LK-4133030,879,408,471
LK-4133035,1649,781,868
LK-4133040,1135,538,597
LK-4133045,1743,806,937
LK-4133050,2012,948,1064
LK-4133055,2647,1244,1403
LK-4133060,2260,1046,1214
LK-4133065,1501,723,778
LK-4133070,1794,797,997
LK-4133075,2263,1023,1240
LK-4133080,1161,540,621
LK-4133085,1153,534,619
LK-4133090,1768,820,948
LK-4133095,591,260,331
LK-4133100,1595,703,892
LK-4133105,3611,1693,1918
LK-4133110,2628,1206,1422
LK-4133115,837,387,450
LK-4133120,1202,564,638
LK-4133125,1662,769,893
LK-4133130,3556,1693,1863
LK-4133135,1951,913,1038
LK-4133140,1905,889,1016
LK-4133145,1029,468,561
LK-4133150,2050,951,1099
LK-4133155,2156,1002,1154
LK-4133160,1589,757,832
LK-4133165,1774,857,917
LK-4133170,2628,1064,1564
LK-4133175,1430,662,768
LK-4133180,838,402,436
LK-4133185,1369,639,730
LK-4133190,1747,806,941
LK-4133195,1420,653,767
LK-4133200,1522,710,812
LK-4136,50491,23916,26575
LK-4136005,722,357,365
LK-4136010,2909,1447,1462
LK-4136015,522,250,272
LK-4136020,1262,609,653
LK-4136025,1178,523,655
LK-4136030,2823,1280,1543
LK-4136035,1630,802,828
LK-4136040,4108,1938,2170
LK-4136045,3546,1705,1841
LK-4136050,1974,840,1134
LK-4136055,1546,729,817
LK-4136060,874,431,443
LK-4136065,2142,1008,1134
LK-4136070,1988,896,1092
LK-4136075,1915,932,983
LK-4136080,1703,850,853
LK-4136085,1531,682,849
LK-4136090,1911,870,1041
LK-4136095,1153,535,618
LK-4136100,1372,600,772
LK-4136105,2040,984,1056
LK-4136110,1654,760,894
LK-4136115,1685,816,869
LK-4136120,1888,907,981
LK-4136125,2356,1134,1222
LK-4136130,1272,645,627
LK-4136135,1538,772,766
LK-4136140,1249,614,635
LK-4139,16742,7962,8780
LK-4139005,251,123,128
LK-4139010,472,179,293
LK-4139015,801,386,415
LK-4139020,1721,813,908
LK-4139025,582,275,307
LK-4139030,376,174,202
LK-4139035,487,236,251
LK-4139040,1036,507,529
LK-4139045,341,155,186
LK-4139050,539,264,275
LK-4139055,1147,539,608
LK-4139060,351,185,166
LK-4139065,918,467,451
LK-4139070,359,168,191
LK-4139075,553,260,293
LK-4139080,202,89,113
LK-4139085,285,146,139
LK-4139090,73,35,38
LK-4139095,398,197,201
LK-4139100,979,491,488
LK-4139105,319,146,173
LK-4139110,562,269,293
LK-4139115,199,88,111
LK-4139120,235,109,126
LK-4139125,270,124,146
LK-4139130,197,105,92
LK-4139135,428,207,221
LK-4139140,936,427,509
LK-4139145,661,299,362
LK-4139150,1064,499,565
LK-4142,3824,1858,1966
LK-4142005,680,340,340
LK-4142010,428,208,220
LK-4142015,898,431,467
LK-4142020,703,323,380
LK-4142025,576,278,298
LK-4142030,539,278,261
LK-42,99570,50053,49517
LK-4203,51078,25451,25627
LK-4203005,968,491,477
LK-4203010,88,47,41
LK-4203015,1288,616,672
LK-4203020,754,422,332
LK-4203025,522,249,273
LK-4203030,315,151,164
LK-4203035,1155,542,613
LK-4203040,2486,1205,1281
LK-4203045,1198,600,598
LK-4203050,1150,575,575
LK-4203055,1798,892,906
LK-4203060,852,398,454
LK-4203065,638,321,317
LK-4203070,1776,908,868
LK-4203075,617,328,289
LK-4203080,417,207,210
LK-4203085,753,366,387
LK-4203090,368,189,179
LK-4203095,513,254,259
LK-4203100,1526,743,783
LK-4203105,2180,1127,1053
LK-4203110,2114,1044,1070
LK-4203115,334,153,181
LK-4203120,736,369,367
LK-4203125,1834,885,949
LK-4203130,2353,1201,1152
LK-4203135,1486,721,765
LK-4203140,3407,1645,1762
LK-4203145,2005,1100,905
LK-4203150,1834,898,936
LK-4203155,1386,633,753
LK-4203160,2064,931,1133
LK-4203165,1504,814,690
LK-4203170,977,488,489
LK-4203175,677,353,324
LK-4203180,941,582,359
LK-4203185,1526,738,788
LK-4203190,790,356,434
LK-4203195,15,12,3
LK-4203200,442,224,218
LK-4203205,186,105,81
LK-4203210,63,31,32
LK-4203215,322,156,166
LK-4203220,393,193,200
LK-4203225,23,10,13
LK-4203230,433,231,202
LK-4203235,849,413,436
LK-4203240,317,180,137
LK-4203245,705,354,351
LK-4206,14771,7517,7254
LK-4206005,848,431,417
LK-4206010,551,287,264
LK-4206015,1219,659,560
LK-4206020,629,311,318
LK-4206025,606,334,272
LK-4206030,216,116,100
LK-4206035,55,33,22
LK-4206040,202,98,104
LK-4206045,246,119,127
LK-4206050,193,104,89
LK-4206055,534,265,269
LK-4206060,555,297,258
LK-4206065,261,134,127
LK-4206070,271,136,135
LK-4206075,439,218,221
LK-4206080,51,33,18
LK-4206085,192,132,60
LK-4206090,291,143,148
LK-4206095,198,101,97
LK-4206100,73,39,34
LK-4206105,599,293,306
LK-4206110,181,90,91
LK-4206115,331,155,176
LK-4206120,235,116,119
LK-4206125,420,228,192
LK-4206130,379,193,186
LK-4206135,404,213,191
LK-4206140,669,323,346
LK-4206145,261,134,127
LK-4206150,291,133,158
LK-4206155,660,321,339
LK-4206160,441,197,244
LK-4206165,543,271,272
LK-4206170,599,283,316
LK-4206175,339,164,175
LK-4206180,789,413,376
LK-4209,7711,3973,3738
LK-4209005,760,382,378
LK-4209010,131,65,66
LK-4209015,489,244,245
LK-4209020,252,140,112
LK-4209025,264,135,129
LK-4209030,289,147,142
LK-4209035,230,134,96
LK-4209040,938,470,468
LK-4209045,693,377,316
LK-4209050,492,240,252
LK-4209055,423,206,217
LK-4209060,1527,768,759
LK-4209065,277,179,98
LK-4209070,34,17,17
LK-4209075,179,103,76
LK-4209080,220,113,107
LK-4209085,513,253,260
LK-4212,17891,8955,8936
LK-4212005,789,401,388
LK-4212010,710,328,382
LK-4212015,1450,689,761
LK-4212020,1001,512,489
LK-4212025,877,442,435
LK-4212030,511,248,263
LK-4212035,499,251,248
LK-4212040,205,105,100
LK-4212045,495,241,254
LK-4212050,388,203,185
LK-4212055,48,30,18
LK-4212060,468,227,241
LK-4212065,1378,775,603
LK-4212070,209,106,103
LK-4212075,167,115,52
LK-4212080,339,171,168
LK-4212085,422,201,221
LK-4212090,236,113,123
LK-4212095,394,183,211
LK-4212100,397,192,205
LK-4212105,512,266,246
LK-4212110,429,205,224
LK-4212115,500,248,252
LK-4212120,424,214,210
LK-4212125,1761,868,893
LK-4212130,448,226,222
LK-4212135,374,180,194
LK-4212140,777,372,405
LK-4212145,533,262,271
LK-4212150,813,392,421
LK-4212155,337,189,148
LK-4215,8119,4157,3962
LK-4215005,1049,545,504
LK-4215010,709,357,352
LK-4215015,127,63,64
LK-4215020,368,198,170
LK-4215025,439,225,214
LK-4215030,254,120,134
LK-4215035,145,82,63
LK-4215040,358,191,167
LK-4215045,506,253,253
LK-4215050,513,252,261
LK-4215055,143,76,67
LK-4215060,659,330,329
LK-4215065,395,236,159
LK-4215070,946,485,461
LK-4215075,516,256,260
LK-4215080,393,199,194
LK-4215085,229,116,113
LK-4215090,287,141,146
LK-4215095,32,7,25
LK-4215100,51,25,26
LK-43,172115,84715,87400
LK-4303,11578,5987,5591
LK-4303005,47,20,27
LK-4303010,26,15,11
LK-4303015,132,64,68
LK-4303020,413,193,220
LK-4303025,529,254,275
LK-4303030,853,475,378
LK-4303035,527,280,247
LK-4303040,908,457,451
LK-4303045,569,289,280
LK-4303050,524,245,279
LK-4303055,498,232,266
LK-4303060,793,426,367
LK-4303065,181,101,80
LK-4303070,547,271,276
LK-4303075,651,320,331
LK-4303080,953,557,396
LK-4303085,780,382,398
LK-4303090,1341,761,580
LK-4303095,765,374,391
LK-4303100,541,271,270
LK-4306,13118,6448,6670
LK-4306005,875,409,466
LK-4306010,86,46,40
LK-4306015,101,49,52
LK-4306020,733,349,384
LK-4306025,168,91,77
LK-4306030,129,60,69
LK-4306035,445,212,233
LK-4306040,869,389,480
LK-4306045,1260,652,608
LK-4306050,809,400,409
LK-4306055,565,286,279
LK-4306060,1146,541,605
LK-4306065,800,402,398
LK-4306070,827,421,406
LK-4306075,848,421,427
LK-4306080,656,328,328
LK-4306085,801,380,421
LK-4306090,844,427,417
LK-4306095,372,199,173
LK-4306100,784,386,398
LK-4309,117533,57179,60354
LK-4309005,1005,483,522
LK-4309010,547,278,269
LK-4309015,434,218,216
LK-4309020,227,113,114
LK-4309025,313,165,148
LK-4309030,300,172,128
LK-4309035,316,164,152
LK-4309040,653,333,320
LK-4309045,150,82,68
LK-4309050,73,40,33
LK-4309055,1210,614,596
LK-4309060,806,418,388
LK-4309065,864,419,445
LK-4309070,4417,2120,2297
LK-4309075,3925,1854,2071
LK-4309080,6229,2957,3272
LK-4309085,3568,1742,1826
LK-4309090,5527,2669,2858
LK-4309095,6367,3119,3248
LK-4309100,4674,2705,1969
LK-4309105,1105,630,475
LK-4309110,1008,501,507
LK-4309115,3145,1550,1595
LK-4309120,4735,2377,2358
LK-4309125,1893,924,969
LK-4309130,1924,921,1003
LK-4309135,2856,1334,1522
LK-4309140,2014,1005,1009
LK-4309145,2525,1204,1321
LK-4309150,4597,2227,2370
LK-4309155,2300,1100,1200
LK-4309160,2269,1094,1175
LK-4309165,2031,952,1079
LK-4309170,3437,1651,1786
LK-4309175,9313,4621,4692
LK-4309180,3630,1844,1786
LK-4309185,6051,2917,3134
LK-4309190,3530,1577,1953
LK-4309195,5021,2302,2719
LK-4309200,6469,2980,3489
LK-4309205,5246,2397,2849
LK-4309210,829,406,423
LK-4312,29886,15101,14785
LK-4312005,9747,4771,4976
LK-4312010,424,213,211
LK-4312015,596,337,259
LK-4312020,192,99,93
LK-4312025,344,164,180
LK-4312030,2290,1209,1081
LK-4312035,1007,492,515
LK-4312040,1134,566,568
LK-4312045,875,393,482
LK-4312050,677,333,344
LK-4312055,1336,670,666
LK-4312060,1638,780,858
LK-4312065,2377,1382,995
LK-4312070,2316,1177,1139
LK-4312075,2173,1056,1117
LK-4312080,701,431,270
LK-4312085,781,383,398
LK-4312090,335,155,180
LK-4312095,289,164,125
LK-4312100,654,326,328
LK-44,92238,46036,46202
LK-4403,9699,4844,4855
LK-4403005,433,210,223
LK-4403010,315,148,167
LK-4403015,281,149,132
LK-4403020,1519,730,789
LK-4403025,520,268,252
LK-4403030,662,359,303
LK-4403035,527,256,271
LK-4403040,359,179,180
LK-4403045,796,375,421
LK-4403050,123,58,65
LK-4403055,419,195,224
LK-4403060,192,97,95
LK-4403065,389,188,201
LK-4403070,763,372,391
LK-4403075,453,228,225
LK-4403080,449,234,215
LK-4403085,214,109,105
LK-4403090,578,326,252
LK-4403095,351,183,168
LK-4403100,356,180,176
LK-4406,7117,3634,3483
LK-4406005,669,324,345
LK-4406010,435,225,210
LK-4406015,440,214,226
LK-4406020,552,279,273
LK-4406025,396,189,207
LK-4406030,636,381,255
LK-4406035,1081,531,550
LK-4406040,731,378,353
LK-4406045,124,60,64
LK-4406050,424,205,219
LK-4406055,649,327,322
LK-4406060,161,90,71
LK-4406065,185,105,80
LK-4406070,305,150,155
LK-4406075,329,176,153
LK-4409,23824,11534,12290
LK-4409005,2,2,0
LK-4409010,1120,548,572
LK-4409015,3778,1815,1963
LK-4409025,1090,532,558
LK-4409030,767,382,385
LK-4409045,615,297,318
LK-4409055,2345,1173,1172
LK-4409060,1135,553,582
LK-4409065,2291,1069,1222
LK-4409070,1953,944,1009
LK-4409075,2995,1430,1565
LK-4409080,1527,749,778
LK-4409085,970,501,469
LK-4409090,1255,633,622
LK-4409095,1981,906,1075
LK-4412,15721,8015,7706
LK-4412005,378,175,203
LK-4412010,167,77,90
LK-4412015,992,472,520
LK-4412020,340,160,180
LK-4412025,371,220,151
LK-4412030,886,429,457
LK-4412035,784,398,386
LK-4412040,441,226,215
LK-4412045,429,204,225
LK-4412050,1651,907,744
LK-4412055,1076,515,561
LK-4412060,882,449,433
LK-4412065,1013,507,506
LK-4412070,689,440,249
LK-4412075,88,46,42
LK-4412080,961,480,481
LK-4412085,451,226,225
LK-4412090,428,228,200
LK-4412095,321,174,147
LK-4412100,212,105,107
LK-4412105,31,18,13
LK-4412110,314,150,164
LK-4412115,472,225,247
LK-4412120,298,138,160
LK-4412125,699,387,312
LK-4412130,656,325,331
LK-4412135,691,334,357
LK-4415,28973,14622,14351
LK-4415005,652,417,235
LK-4415010,1037,569,468
LK-4415020,928,441,487
LK-4415025,247,147,100
LK-4415030,1333,621,712
LK-4415035,434,238,196
LK-4415040,608,316,292
LK-4415045,458,223,235
LK-4415050,1259,629,630
LK-4415055,466,231,235
LK-4415060,605,299,306
LK-4415065,552,282,270
LK-4415070,327,168,159
LK-4415075,421,221,200
LK-4415080,563,309,254
LK-4415085,103,57,46
LK-4415090,102,56,46
LK-4415095,106,56,50
LK-4415100,237,123,114
LK-4415105,940,479,461
LK-4415110,638,318,320
LK-4415115,659,305,354
LK-4415120,446,210,236
LK-4415125,1081,541,540
LK-4415130,285,152,133
LK-4415135,608,296,312
LK-4415140,665,307,358
LK-4415145,258,165,93
LK-4415150,628,307,321
LK-4415160,382,188,194
LK-4415165,1319,656,663
LK-4415170,984,469,515
LK-4415175,426,202,224
LK-4415180,1536,746,790
LK-4415185,645,325,320
LK-4415190,499,256,243
LK-4415195,633,287,346
LK-4415200,1465,748,717
LK-4415205,266,128,138
LK-4415210,167,79,88
LK-4415215,771,396,375
LK-4415220,1413,777,636
LK-4415225,370,178,192
LK-4415230,1451,704,747
LK-4418,6904,3387,3517
LK-4418005,277,137,140
LK-4418010,556,277,279
LK-4418015,1335,629,706
LK-4418020,891,421,470
LK-4418025,613,306,307
LK-4418030,225,114,111
LK-4418035,1129,576,553
LK-4418040,968,471,497
LK-4418045,910,456,454
LK-45,113510,55783,57727
LK-4503,8530,4250,4280
LK-4503005,250,120,130
LK-4503010,368,167,201
LK-4503020,562,271,291
LK-4503025,274,123,151
LK-4503030,434,215,219
LK-4503035,582,293,289
LK-4503040,420,207,213
LK-4503050,511,239,272
LK-4503055,783,470,313
LK-4503060,635,342,293
LK-4503065,716,333,383
LK-4503070,428,197,231
LK-4503075,737,379,358
LK-4503080,1101,546,555
LK-4503085,729,348,381
LK-4506,23194,11317,11877
LK-4506010,2404,1210,1194
LK-4506015,1029,506,523
LK-4506020,1395,682,713
LK-4506025,1145,558,587
LK-4506030,687,325,362
LK-4506035,2283,1116,1167
LK-4506040,1215,581,634
LK-4506045,2073,1013,1060
LK-4506050,1133,553,580
LK-4506055,5575,2718,2857
LK-4506060,300,163,137
LK-4506065,1578,755,823
LK-4506070,957,464,493
LK-4506075,739,347,392
LK-4506080,681,326,355
LK-4509,61484,30129,31355
LK-4509005,1951,959,992
LK-4509010,2193,1053,1140
LK-4509015,2619,1286,1333
LK-4509020,1048,514,534
LK-4509025,1834,914,920
LK-4509030,763,379,384
LK-4509035,1915,901,1014
LK-4509040,1185,568,617
LK-4509045,877,429,448
LK-4509050,586,277,309
LK-4509055,961,474,487
LK-4509060,1600,955,645
LK-4509065,3031,1528,1503
LK-4509070,2220,1078,1142
LK-4509075,1622,748,874
LK-4509080,1249,610,639
LK-4509085,1450,699,751
LK-4509090,2352,1108,1244
LK-4509095,833,411,422
LK-4509100,2306,1093,1213
LK-4509105,1076,523,553
LK-4509110,1107,526,581
LK-4509115,1395,698,697
LK-4509120,2087,985,1102
LK-4509125,1015,489,526
LK-4509130,2217,1111,1106
LK-4509135,994,504,490
LK-4509140,2105,1040,1065
LK-4509145,1109,525,584
LK-4509150,723,350,373
LK-4509155,860,418,442
LK-4509160,579,309,270
LK-4509165,730,360,370
LK-4509170,1184,544,640
LK-4509175,1357,679,678
LK-4509180,1039,488,551
LK-4509185,1759,911,848
LK-4509190,1950,955,995
LK-4509195,1290,639,651
LK-4509200,1577,771,806
LK-4509205,1262,605,657
LK-4509210,1474,715,759
LK-4512,20302,10087,10215
LK-4512005,240,123,117
LK-4512010,455,223,232
LK-4512015,595,278,317
LK-4512025,667,350,317
LK-4512030,569,275,294
LK-4512035,1756,870,886
LK-4512040,1568,762,806
LK-4512045,829,391,438
LK-4512050,336,174,162
LK-4512055,461,231,230
LK-4512060,741,389,352
LK-4512065,3410,1692,1718
LK-4512070,1836,926,910
LK-4512075,1699,862,837
LK-4512080,987,484,503
LK-4512085,2162,1063,1099
LK-4512090,486,240,246
LK-4512095,1505,754,751
LK-5,1555510,752500,803010
LK-51,526567,250676,275891
LK-5103,21537,10553,10984
LK-5103005,2492,1236,1256
LK-5103010,1817,934,883
LK-5103015,1386,680,706
LK-5103020,1830,900,930
LK-5103025,1989,959,1030
LK-5103030,2135,1089,1046
LK-5103035,684,340,344
LK-5103040,287,140,147
LK-5103045,1749,836,913
LK-5103050,579,274,305
LK-5103055,1987,984,1003
LK-5103060,1301,595,706
LK-5103065,315,178,137
LK-5103070,799,370,429
LK-5103075,1027,510,517
LK-5103080,1160,528,632
LK-5104,25687,12463,13224
LK-5104005,1747,881,866
LK-5104010,2279,1153,1126
LK-5104015,2105,1123,982
LK-5104020,2306,1137,1169
LK-5104025,2724,1325,1399
LK-5104030,2997,1479,1518
LK-5104035,4540,2193,2347
LK-5104040,2810,1331,1479
LK-5104045,4179,1841,2338
LK-5106,22182,10955,11227
LK-5106005,3448,1745,1703
LK-5106010,3320,1673,1647
LK-5106015,2243,1109,1134
LK-5106020,2238,1116,1122
LK-5106025,2498,1206,1292
LK-5106030,2877,1438,1439
LK-5106035,3155,1537,1618
LK-5106040,2403,1131,1272
LK-5109,23376,11169,12207
LK-5109005,1037,471,566
LK-5109010,1300,615,685
LK-5109015,1960,895,1065
LK-5109020,2808,1311,1497
LK-5109025,2382,1205,1177
LK-5109030,3934,1900,2034
LK-5109035,2303,1071,1232
LK-5109040,691,320,371
LK-5109045,1778,896,882
LK-5109050,2355,1113,1242
LK-5109055,2030,985,1045
LK-5109060,798,387,411
LK-5110,26143,12583,13560
LK-5110005,423,213,210
LK-5110010,1723,854,869
LK-5110015,857,422,435
LK-5110020,406,206,200
LK-5110030,379,195,184
LK-5110035,867,447,420
LK-5110040,839,429,410
LK-5110045,1156,575,581
LK-5110050,3728,1762,1966
LK-5110055,1491,700,791
LK-5110060,2030,964,1066
LK-5110065,3156,1474,1682
LK-5110070,2414,1194,1220
LK-5110075,2048,910,1138
LK-5110080,1999,945,1054
LK-5110085,1481,709,772
LK-5110090,1146,584,562
LK-5112,75478,35948,39530
LK-5112005,2737,1335,1402
LK-5112010,972,454,518
LK-5112015,1780,836,944
LK-5112020,2761,1292,1469
LK-5112025,2007,953,1054
LK-5112030,3093,1461,1632
LK-5112035,2469,1197,1272
LK-5112040,1866,920,946
LK-5112045,1399,653,746
LK-5112050,2644,1243,1401
LK-5112055,1374,624,750
LK-5112060,1328,623,705
LK-5112065,3950,1795,2155
LK-5112070,3303,1606,1697
LK-5112075,1326,686,640
LK-5112080,242,130,112
LK-5112085,1107,524,583
LK-5112090,804,395,409
LK-5112095,1721,777,944
LK-5112100,1690,812,878
LK-5112105,2786,1362,1424
LK-5112110,2293,1020,1273
LK-5112115,3829,1867,1962
LK-5112120,5313,2499,2814
LK-5112125,1260,604,656
LK-5112130,1556,726,830
LK-5112135,2924,1398,1526
LK-5112140,1953,903,1050
LK-5112145,1587,761,826
LK-5112150,2079,981,1098
LK-5112155,1737,843,894
LK-5112160,2503,1210,1293
LK-5112165,1604,765,839
LK-5112170,1292,609,683
LK-5112175,1177,584,593
LK-5112180,624,304,320
LK-5112185,634,320,314
LK-5112190,337,177,160
LK-5112195,1417,699,718
LK-5115,24643,11621,13022
LK-5115005,1066,519,547
LK-5115010,769,346,423
LK-5115015,3193,1586,1607
LK-5115020,3292,1624,1668
LK-5115025,1683,795,888
LK-5115030,1014,496,518
LK-5115035,2171,1019,1152
LK-5115040,1615,720,895
LK-5115045,1627,749,878
LK-5115050,1239,576,663
LK-5115055,1566,729,837
LK-5115060,1512,660,852
LK-5115065,1209,551,658
LK-5115070,1161,538,623
LK-5115075,1526,713,813
LK-5118,86227,40750,45477
LK-5118005,952,475,477
LK-5118010,281,155,126
LK-5118015,2263,1066,1197
LK-5118020,1994,961,1033
LK-5118025,3060,1474,1586
LK-5118030,1677,766,911
LK-5118035,1312,626,686
LK-5118040,2295,1136,1159
LK-5118045,4233,1963,2270
LK-5118050,1082,488,594
LK-5118055,2959,1404,1555
LK-5118060,1971,954,1017
LK-5118065,886,406,480
LK-5118070,1133,547,586
LK-5118075,1546,671,875
LK-5118080,3871,1844,2027
LK-5118085,343,177,166
LK-5118090,1349,641,708
LK-5118095,1443,666,777
LK-5118100,949,435,514
LK-5118105,2495,1179,1316
LK-5118110,1153,517,636
LK-5118115,1540,704,836
LK-5118120,604,280,324
LK-5118125,1555,705,850
LK-5118130,2907,1335,1572
LK-5118135,1263,609,654
LK-5118140,1893,1116,777
LK-5118145,1254,590,664
LK-5118150,2369,1137,1232
LK-5118155,2484,1265,1219
LK-5118160,3106,1457,1649
LK-5118165,1907,916,991
LK-5118170,1590,724,866
LK-5118175,1098,485,613
LK-5118180,1272,541,731
LK-5118185,3093,1504,1589
LK-5118190,1376,687,689
LK-5118195,1886,902,984
LK-5118200,1009,458,551
LK-5118205,770,357,413
LK-5118210,1141,515,626
LK-5118215,4009,1773,2236
LK-5118220,1270,556,714
LK-5118225,2900,1320,1580
LK-5118230,844,373,471
LK-5118235,649,301,348
LK-5118240,3191,1589,1602
LK-5121,28489,13887,14602
LK-5121005,891,426,465
LK-5121010,1654,792,862
LK-5121015,1798,883,915
LK-5121020,1603,790,813
LK-5121025,1491,715,776
LK-5121030,1127,540,587
LK-5121035,512,234,278
LK-5121040,876,463,413
LK-5121045,822,425,397
LK-5121050,1948,928,1020
LK-5121055,684,352,332
LK-5121060,1643,809,834
LK-5121065,1152,565,587
LK-5121070,1038,508,530
LK-5121075,1010,502,508
LK-5121080,777,378,399
LK-5121085,949,463,486
LK-5121090,1809,875,934
LK-5121095,535,254,281
LK-5121100,986,479,507
LK-5121105,757,366,391
LK-5121110,1170,577,593
LK-5121115,1002,478,524
LK-5121120,2255,1085,1170
LK-5124,40356,18635,21721
LK-5124005,1133,534,599
LK-5124010,1817,836,981
LK-5124015,1989,918,1071
LK-5124020,2436,1174,1262
LK-5124025,4837,2262,2575
LK-5124030,4874,2345,2529
LK-5124035,1289,621,668
LK-5124040,1323,588,735
LK-5124045,964,448,516
LK-5124050,1424,704,720
LK-5124055,1045,455,590
LK-5124060,2517,1148,1369
LK-5124065,2049,893,1156
LK-5124070,5420,2523,2897
LK-5124075,2588,1145,1443
LK-5124080,1740,763,977
LK-5124085,2043,863,1180
LK-5124090,868,415,453
LK-5127,30694,14214,16480
LK-5127005,1531,770,761
LK-5127010,1148,528,620
LK-5127015,1353,661,692
LK-5127020,900,424,476
LK-5127025,1108,486,622
LK-5127030,991,425,566
LK-5127035,1640,745,895
LK-5127040,2607,1269,1338
LK-5127045,1240,545,695
LK-5127050,998,471,527
LK-5127055,1037,467,570
LK-5127060,936,439,497
LK-5127065,931,393,538
LK-5127070,571,270,301
LK-5127075,1411,643,768
LK-5127080,603,273,330
LK-5127085,955,456,499
LK-5127090,711,300,411
LK-5127095,1010,460,550
LK-5127100,498,231,267
LK-5127105,382,186,196
LK-5127110,1413,649,764
LK-5127115,2355,1135,1220
LK-5127120,2335,1075,1260
LK-5127125,615,291,324
LK-5127130,815,367,448
LK-5127135,600,255,345
LK-5130,24726,12105,12621
LK-5130005,1000,471,529
LK-5130010,1237,589,648
LK-5130015,632,280,352
LK-5130020,1100,496,604
LK-5130025,789,373,416
LK-5130030,717,331,386
LK-5130035,2034,987,1047
LK-5130040,1784,871,913
LK-5130045,1030,513,517
LK-5130050,1468,721,747
LK-5130055,1356,662,694
LK-5130060,1035,512,523
LK-5130065,823,442,381
LK-5130070,677,317,360
LK-5130075,1184,584,600
LK-5130080,1556,766,790
LK-5130085,654,330,324
LK-5130090,1206,602,604
LK-5130095,815,405,410
LK-5130100,689,353,336
LK-5130105,589,309,280
LK-5130110,897,445,452
LK-5130115,1113,574,539
LK-5130120,341,172,169
LK-5133,36222,16369,19853
LK-5133005,870,416,454
LK-5133010,1413,697,716
LK-5133015,771,353,418
LK-5133020,784,398,386
LK-5133025,715,328,387
LK-5133030,1135,506,629
LK-5133035,766,326,440
LK-5133040,446,203,243
LK-5133045,805,396,409
LK-5133050,1147,562,585
LK-5133055,636,280,356
LK-5133060,457,189,268
LK-5133065,548,223,325
LK-5133070,1413,635,778
LK-5133075,330,166,164
LK-5133080,407,198,209
LK-5133085,602,276,326
LK-5133090,571,255,316
LK-5133095,527,236,291
LK-5133100,953,417,536
LK-5133105,591,271,320
LK-5133110,1094,476,618
LK-5133115,958,423,535
LK-5133120,1365,556,809
LK-5133125,798,355,443
LK-5133130,763,288,475
LK-5133135,1068,493,575
LK-5133140,940,440,500
LK-5133145,906,437,469
LK-5133150,861,367,494
LK-5133155,642,281,361
LK-5133160,1796,820,976
LK-5133165,1279,573,706
LK-5133170,1113,501,612
LK-5133175,1379,561,818
LK-5133180,795,374,421
LK-5133185,1054,480,574
LK-5133190,527,235,292
LK-5133195,517,219,298
LK-5133200,950,439,511
LK-5133205,391,180,211
LK-5133210,634,301,333
LK-5133215,505,239,266
LK-5136,60807,29424,31383
LK-5136005,1039,538,501
LK-5136010,637,297,340
LK-5136015,1923,948,975
LK-5136020,1921,879,1042
LK-5136025,1921,878,1043
LK-5136030,1169,589,580
LK-5136035,666,330,336
LK-5136040,1019,480,539
LK-5136045,956,463,493
LK-5136050,1598,758,840
LK-5136055,1217,587,630
LK-5136060,1207,604,603
LK-5136065,1167,596,571
LK-5136070,1680,768,912
LK-5136075,1485,726,759
LK-5136080,1668,782,886
LK-5136085,1183,563,620
LK-5136090,914,455,459
LK-5136095,1602,769,833
LK-5136100,3268,1543,1725
LK-5136105,1974,955,1019
LK-5136110,2351,1190,1161
LK-5136115,1984,1002,982
LK-5136120,1225,591,634
LK-5136125,915,462,453
LK-5136130,1248,607,641
LK-5136135,1534,766,768
LK-5136140,1317,648,669
LK-5136145,1934,923,1011
LK-5136150,1006,478,528
LK-5136155,1711,823,888
LK-5136160,1115,558,557
LK-5136165,940,462,478
LK-5136170,1061,512,549
LK-5136175,979,474,505
LK-5136180,1125,512,613
LK-5136185,1110,530,580
LK-5136190,1255,604,651
LK-5136195,1087,525,562
LK-5136200,1088,510,578
LK-5136205,806,397,409
LK-5136210,1393,654,739
LK-5136215,864,426,438
LK-5136220,969,487,482
LK-5136225,1576,775,801
LK-52,649402,314352,335050
LK-5203,60178,29897,30281
LK-5203005,4008,1979,2029
LK-5203010,4369,2155,2214
LK-5203015,7847,3927,3920
LK-5203020,10860,5436,5424
LK-5203025,4019,2021,1998
LK-5203030,3740,1878,1862
LK-5203035,4376,2204,2172
LK-5203040,3426,1736,1690
LK-5203045,4549,2210,2339
LK-5203050,4440,2187,2253
LK-5203055,2847,1372,1475
LK-5203060,3121,1524,1597
LK-5203065,2576,1268,1308
LK-5206,18290,9140,9150
LK-5206005,1018,499,519
LK-5206010,720,326,394
LK-5206015,935,451,484
LK-5206020,1066,524,542
LK-5206025,499,248,251
LK-5206030,861,428,433
LK-5206035,1353,676,677
LK-5206040,1605,923,682
LK-5206045,802,385,417
LK-5206050,936,464,472
LK-5206055,800,363,437
LK-5206060,1038,506,532
LK-5206065,641,311,330
LK-5206070,885,456,429
LK-5206075,1136,564,572
LK-5206080,827,413,414
LK-5206085,721,384,337
LK-5206090,734,371,363
LK-5206095,853,430,423
LK-5206100,860,418,442
LK-5209,20828,10541,10287
LK-5209005,247,128,119
LK-5209010,780,379,401
LK-5209015,608,288,320
LK-5209020,655,316,339
LK-5209025,1686,839,847
LK-5209030,913,444,469
LK-5209035,1317,640,677
LK-5209040,1219,718,501
LK-5209045,1815,910,905
LK-5209050,939,481,458
LK-5209055,1506,780,726
LK-5209060,1641,821,820
LK-5209065,1611,764,847
LK-5209070,1424,734,690
LK-5209075,1193,600,593
LK-5209080,1966,1055,911
LK-5209085,1308,644,664
LK-5212,58325,28825,29500
LK-5212005,502,250,252
LK-5212010,715,340,375
LK-5212015,778,390,388
LK-5212020,411,190,221
LK-5212025,1155,575,580
LK-5212030,2020,1049,971
LK-5212035,1495,722,773
LK-5212040,783,386,397
LK-5212045,650,327,323
LK-5212050,620,302,318
LK-5212055,2337,1139,1198
LK-5212060,1408,702,706
LK-5212065,1328,649,679
LK-5212070,603,296,307
LK-5212075,654,331,323
LK-5212080,520,260,260
LK-5212085,2082,1020,1062
LK-5212090,2496,1210,1286
LK-5212095,1198,582,616
LK-5212100,703,355,348
LK-5212105,1220,620,600
LK-5212110,438,208,230
LK-5212115,456,226,230
LK-5212120,1146,565,581
LK-5212125,661,333,328
LK-5212130,552,292,260
LK-5212135,612,280,332
LK-5212140,217,108,109
LK-5212145,212,108,104
LK-5212150,1137,566,571
LK-5212155,1053,512,541
LK-5212160,675,344,331
LK-5212165,1088,531,557
LK-5212170,2125,1052,1073
LK-5212175,1718,869,849
LK-5212180,602,332,270
LK-5212185,1435,714,721
LK-5212190,1439,703,736
LK-5212195,2742,1451,1291
LK-5212200,1578,745,833
LK-5212205,872,440,432
LK-5212210,1086,530,556
LK-5212215,1108,541,567
LK-5212220,772,382,390
LK-5212225,895,444,451
LK-5212230,1304,642,662
LK-5212235,637,311,326
LK-5212240,582,265,317
LK-5212245,653,326,327
LK-5212250,710,348,362
LK-5212255,795,374,421
LK-5212260,725,355,370
LK-5212265,1752,838,914
LK-5212270,2142,1027,1115
LK-5212275,728,368,360
LK-5215,43829,21422,22407
LK-5215005,3013,1482,1531
LK-5215010,1651,815,836
LK-5215015,2933,1487,1446
LK-5215020,1428,658,770
LK-5215025,2141,1067,1074
LK-5215030,3756,1826,1930
LK-5215035,3327,1597,1730
LK-5215040,3153,1601,1552
LK-5215045,1379,700,679
LK-5215050,2133,1038,1095
LK-5215055,2232,938,1294
LK-5215060,1268,638,630
LK-5215065,1419,706,713
LK-5215070,1489,721,768
LK-5215075,1599,792,807
LK-5215080,1559,754,805
LK-5215085,1500,718,782
LK-5215090,1416,764,652
LK-5215095,1994,960,1034
LK-5215100,1218,596,622
LK-5215105,1838,887,951
LK-5215110,1383,677,706
LK-5216,18727,8683,10044
LK-5216005,917,433,484
LK-5216010,744,351,393
LK-5216015,1012,516,496
LK-5216020,862,415,447
LK-5216025,1106,506,600
LK-5216030,674,311,363
LK-5216035,1067,509,558
LK-5216040,1561,695,866
LK-5216045,557,267,290
LK-5216050,1513,681,832
LK-5216055,526,232,294
LK-5216060,832,364,468
LK-5216065,1133,527,606
LK-5216070,479,216,263
LK-5216075,673,343,330
LK-5216080,970,420,550
LK-5216085,511,236,275
LK-5216090,1481,674,807
LK-5216095,1154,545,609
LK-5216100,955,442,513
LK-5218,60465,28670,31795
LK-5218005,518,270,248
LK-5218010,1191,650,541
LK-5218015,484,248,236
LK-5218020,757,368,389
LK-5218025,324,163,161
LK-5218030,724,335,389
LK-5218035,900,437,463
LK-5218040,1564,768,796
LK-5218045,814,388,426
LK-5218050,1333,623,710
LK-5218055,1672,811,861
LK-5218060,1259,614,645
LK-5218065,493,214,279
LK-5218070,789,383,406
LK-5218075,1477,709,768
LK-5218080,957,437,520
LK-5218085,846,431,415
LK-5218090,1219,567,652
LK-5218095,1401,746,655
LK-5218100,1090,515,575
LK-5218105,1269,632,637
LK-5218110,521,244,277
LK-5218115,567,288,279
LK-5218120,506,232,274
LK-5218125,694,326,368
LK-5218130,1010,470,540
LK-5218135,1569,736,833
LK-5218140,1301,594,707
LK-5218145,2399,1117,1282
LK-5218150,1120,524,596
LK-5218155,1196,548,648
LK-5218160,1954,948,1006
LK-5218165,1402,674,728
LK-5218170,2023,952,1071
LK-5218175,1955,828,1127
LK-5218180,2408,1114,1294
LK-5218185,1312,583,729
LK-5218190,1368,648,720
LK-5218195,1870,904,966
LK-5218200,1686,791,895
LK-5218205,986,427,559
LK-5218210,966,453,513
LK-5218215,427,196,231
LK-5218220,1102,518,584
LK-5218225,2476,1165,1311
LK-5218230,1046,485,561
LK-5218235,1180,559,621
LK-5218240,785,355,430
LK-5218245,241,118,123
LK-5218250,2859,1371,1488
LK-5218255,455,193,262
LK-5221,29800,13844,15956
LK-5221005,1874,865,1009
LK-5221010,791,377,414
LK-5221015,1260,572,688
LK-5221020,2923,1365,1558
LK-5221025,1499,678,821
LK-5221030,941,438,503
LK-5221035,857,385,472
LK-5221040,766,340,426
LK-5221045,672,317,355
LK-5221050,1745,799,946
LK-5221055,667,281,386
LK-5221060,1051,484,567
LK-5221065,770,383,387
LK-5221070,892,447,445
LK-5221075,564,278,286
LK-5221080,805,368,437
LK-5221085,1021,450,571
LK-5221090,1083,496,587
LK-5221095,1323,629,694
LK-5221100,951,459,492
LK-5221105,985,434,551
LK-5221110,904,392,512
LK-5221115,672,341,331
LK-5221120,932,428,504
LK-5221125,585,292,293
LK-5221130,832,403,429
LK-5221135,1311,632,679
LK-5221140,579,254,325
LK-5221145,545,257,288
LK-5224,44632,21583,23049
LK-5224005,2014,957,1057
LK-5224010,930,460,470
LK-5224015,801,377,424
LK-5224020,1054,508,546
LK-5224025,3988,1930,2058
LK-5224030,1540,769,771
LK-5224035,1203,575,628
LK-5224040,3577,1699,1878
LK-5224045,995,463,532
LK-5224050,823,406,417
LK-5224055,978,488,490
LK-5224060,926,425,501
LK-5224065,1117,540,577
LK-5224070,1335,773,562
LK-5224075,2929,1385,1544
LK-5224080,1438,668,770
LK-5224085,2467,1199,1268
LK-5224090,1349,661,688
LK-5224095,819,444,375
LK-5224100,1624,808,816
LK-5224105,1140,561,579
LK-5224110,1115,544,571
LK-5224115,2498,1168,1330
LK-5224120,1423,695,728
LK-5224125,1008,507,501
LK-5224130,1025,467,558
LK-5224135,1031,499,532
LK-5224140,1620,777,843
LK-5224145,1865,830,1035
LK-5225,25461,12229,13232
LK-5225005,1938,910,1028
LK-5225010,1843,922,921
LK-5225015,1956,929,1027
LK-5225020,1325,626,699
LK-5225025,1096,512,584
LK-5225030,1066,507,559
LK-5225035,1645,787,858
LK-5225040,1149,542,607
LK-5225045,1498,720,778
LK-5225050,1312,635,677
LK-5225055,1813,876,937
LK-5225060,1000,498,502
LK-5225065,1509,732,777
LK-5225070,1609,773,836
LK-5225075,1217,568,649
LK-5225080,1961,952,1009
LK-5225085,1524,740,784
LK-5227,16839,8019,8820
LK-5227005,1416,697,719
LK-5227010,1326,582,744
LK-5227015,1474,698,776
LK-5227020,1250,601,649
LK-5227025,1316,662,654
LK-5227030,402,196,206
LK-5227035,557,265,292
LK-5227040,999,451,548
LK-5227045,514,233,281
LK-5227050,715,322,393
LK-5227055,391,194,197
LK-5227060,1219,593,626
LK-5227065,1095,522,573
LK-5227070,869,412,457
LK-5227075,258,131,127
LK-5227080,1152,540,612
LK-5227085,1886,920,966
LK-5230,26361,12205,14156
LK-5230005,579,259,320
LK-5230010,1288,557,731
LK-5230015,968,439,529
LK-5230020,1439,648,791
LK-5230025,1180,536,644
LK-5230030,768,343,425
LK-5230035,729,342,387
LK-5230040,957,449,508
LK-5230045,1643,789,854
LK-5230050,1657,788,869
LK-5230055,794,374,420
LK-5230060,758,337,421
LK-5230065,659,306,353
LK-5230070,2076,990,1086
LK-5230075,1202,568,634
LK-5230080,609,282,327
LK-5230085,498,252,246
LK-5230090,500,231,269
LK-5230095,1146,505,641
LK-5230100,1485,683,802
LK-5230105,608,277,331
LK-5230110,1222,567,655
LK-5230115,1897,893,1004
LK-5230120,897,429,468
LK-5230125,802,361,441
LK-5233,41968,20015,21953
LK-5233005,1229,617,612
LK-5233010,2263,1076,1187
LK-5233015,1434,708,726
LK-5233020,1151,559,592
LK-5233025,771,382,389
LK-5233030,431,198,233
LK-5233035,1953,900,1053
LK-5233040,420,182,238
LK-5233045,1273,622,651
LK-5233050,1342,661,681
LK-5233055,2013,929,1084
LK-5233060,1141,525,616
LK-5233065,1678,792,886
LK-5233070,1524,717,807
LK-5233075,1139,534,605
LK-5233080,1281,618,663
LK-5233085,1459,675,784
LK-5233090,2130,1019,1111
LK-5233095,1949,931,1018
LK-5233100,1123,532,591
LK-5233105,1012,489,523
LK-5233110,927,441,486
LK-5233115,1205,581,624
LK-5233120,833,412,421
LK-5233125,1568,673,895
LK-5233130,1358,660,698
LK-5233135,1617,787,830
LK-5233140,1731,845,886
LK-5233145,1405,687,718
LK-5233150,790,377,413
LK-5233155,978,475,503
LK-5233160,840,411,429
LK-5234,14383,7132,7251
LK-5234005,979,485,494
LK-5234010,1289,620,669
LK-5234015,1213,608,605
LK-5234020,966,494,472
LK-5234025,534,253,281
LK-5234030,776,384,392
LK-5234035,927,475,452
LK-5234040,1956,954,1002
LK-5234045,1450,721,729
LK-5234050,1416,700,716
LK-5234055,1281,646,635
LK-5234060,1596,792,804
LK-5236,39166,19037,20129
LK-5236005,952,466,486
LK-5236010,543,258,285
LK-5236015,1700,819,881
LK-5236020,1830,881,949
LK-5236025,2933,1419,1514
LK-5236030,1501,776,725
LK-5236035,1219,620,599
LK-5236040,796,388,408
LK-5236045,848,431,417
LK-5236050,2347,1159,1188
LK-5236055,2645,1284,1361
LK-5236060,1411,700,711
LK-5236065,1282,603,679
LK-5236070,1142,539,603
LK-5236075,1597,751,846
LK-5236080,1108,532,576
LK-5236085,1205,586,619
LK-5236090,1206,593,613
LK-5236095,782,375,407
LK-5236100,1026,505,521
LK-5236105,1062,524,538
LK-5236110,1337,641,696
LK-5236115,1255,597,658
LK-5236120,1706,787,919
LK-5236125,1037,502,535
LK-5236130,1098,538,560
LK-5236135,2358,1164,1194
LK-5236140,1240,599,641
LK-5239,22458,10709,11749
LK-5239005,531,245,286
LK-5239010,593,278,315
LK-5239015,661,316,345
LK-5239020,551,275,276
LK-5239025,487,219,268
LK-5239030,604,278,326
LK-5239035,1272,583,689
LK-5239040,612,290,322
LK-5239045,951,476,475
LK-5239050,1350,645,705
LK-5239055,547,255,292
LK-5239060,739,341,398
LK-5239065,1180,569,611
LK-5239070,184,99,85
LK-5239075,1532,721,811
LK-5239080,1745,852,893
LK-5239085,1675,834,841
LK-5239090,1531,727,804
LK-5239095,1538,751,787
LK-5239100,992,455,537
LK-5239105,721,328,393
LK-5239110,2462,1172,1290
LK-5242,38692,19049,19643
LK-5242005,844,399,445
LK-5242010,1997,970,1027
LK-5242015,1383,689,694
LK-5242020,1959,941,1018
LK-5242025,518,251,267
LK-5242030,2502,1249,1253
LK-5242035,719,348,371
LK-5242040,1376,666,710
LK-5242045,1211,566,645
LK-5242050,1201,590,611
LK-5242055,686,332,354
LK-5242060,774,386,388
LK-5242065,1446,708,738
LK-5242070,1869,912,957
LK-5242075,1203,577,626
LK-5242080,1099,591,508
LK-5242085,980,493,487
LK-5242090,1114,552,562
LK-5242095,1156,570,586
LK-5242100,899,445,454
LK-5242105,1116,533,583
LK-5242110,964,472,492
LK-5242115,591,302,289
LK-5242120,317,163,154
LK-5242125,1309,643,666
LK-5242130,1277,637,640
LK-5242135,534,261,273
LK-5242140,1038,516,522
LK-5242145,1601,799,802
LK-5242150,1004,500,504
LK-5242155,2020,1007,1013
LK-5242160,1324,648,676
LK-5242165,661,333,328
LK-5245,25277,12123,13154
LK-5245005,324,161,163
LK-5245010,667,336,331
LK-5245015,1469,716,753
LK-5245020,1753,811,942
LK-5245025,1130,523,607
LK-5245030,621,313,308
LK-5245035,1141,549,592
LK-5245040,1141,533,608
LK-5245045,1276,645,631
LK-5245050,1479,715,764
LK-5245055,1347,635,712
LK-5245060,1390,668,722
LK-5245065,1746,824,922
LK-5245070,1169,569,600
LK-5245075,1481,710,771
LK-5245080,3119,1483,1636
LK-5245085,371,193,178
LK-5245090,101,55,46
LK-5245095,2053,972,1081
LK-5245100,837,404,433
LK-5245105,399,183,216
LK-5245110,263,125,138
LK-5248,34809,16863,17946
LK-5248005,731,347,384
LK-5248010,1251,623,628
LK-5248015,2195,1059,1136
LK-5248020,1551,757,794
LK-5248025,707,402,305
LK-5248030,1357,649,708
LK-5248035,2682,1313,1369
LK-5248040,2390,1150,1240
LK-5248045,842,405,437
LK-5248050,1092,512,580
LK-5248055,1052,510,542
LK-5248060,983,454,529
LK-5248065,1505,730,775
LK-5248070,492,273,219
LK-5248075,992,510,482
LK-5248080,1135,538,597
LK-5248085,1203,565,638
LK-5248090,3175,1549,1626
LK-5248095,1377,710,667
LK-5248100,1228,547,681
LK-5248105,1554,739,815
LK-5248110,733,360,373
LK-5248115,668,320,348
LK-5248120,694,335,359
LK-5248125,1150,535,615
LK-5248130,837,386,451
LK-5248135,1233,585,648
LK-5251,8914,4366,4548
LK-5251005,388,193,195
LK-5251010,578,296,282
LK-5251015,777,388,389
LK-5251020,582,271,311
LK-5251025,777,393,384
LK-5251030,682,334,348
LK-5251035,422,212,210
LK-5251040,766,371,395
LK-5251045,770,383,387
LK-5251050,666,311,355
LK-5251055,1297,613,684
LK-5251060,1209,601,608
LK-53,379541,187472,192069
LK-5303,11882,5850,6032
LK-5303005,2207,1071,1136
LK-5303010,522,243,279
LK-5303015,638,320,318
LK-5303020,776,377,399
LK-5303025,955,472,483
LK-5303030,817,404,413
LK-5303035,1322,688,634
LK-5303040,1202,598,604
LK-5303045,1656,799,857
LK-5303050,1787,878,909
LK-5306,33218,16898,16320
LK-5306005,39,28,11
LK-5306010,1725,876,849
LK-5306015,2246,1216,1030
LK-5306020,3978,2090,1888
LK-5306025,3010,1635,1375
LK-5306030,640,348,292
LK-5306035,1393,704,689
LK-5306040,459,232,227
LK-5306045,111,52,59
LK-5306050,686,365,321
LK-5306055,412,208,204
LK-5306060,178,68,110
LK-5306065,1686,847,839
LK-5306070,1036,495,541
LK-5306075,660,314,346
LK-5306080,486,230,256
LK-5306085,2718,1375,1343
LK-5306090,950,422,528
LK-5306095,2235,1128,1107
LK-5306100,1743,831,912
LK-5306105,1480,743,737
LK-5306110,3031,1501,1530
LK-5306115,1011,495,516
LK-5306120,1305,695,610
LK-5309,7382,3785,3597
LK-5309005,1015,606,409
LK-5309010,826,412,414
LK-5309015,1034,491,543
LK-5309020,402,210,192
LK-5309025,1094,550,544
LK-5309030,493,229,264
LK-5309035,998,479,519
LK-5309040,540,288,252
LK-5309045,250,169,81
LK-5309050,730,351,379
LK-5312,7968,4118,3850
LK-5312005,1990,967,1023
LK-5312010,1846,937,909
LK-5312015,905,457,448
LK-5312020,863,443,420
LK-5312025,704,365,339
LK-5312030,558,313,245
LK-5312035,157,83,74
LK-5312040,490,276,214
LK-5312045,214,115,99
LK-5312050,241,162,79
LK-5315,97487,47145,50342
LK-5315005,268,138,130
LK-5315010,1,1,0
LK-5315015,280,133,147
LK-5315020,1323,636,687
LK-5315025,2332,1117,1215
LK-5315030,1995,977,1018
LK-5315035,1772,915,857
LK-5315040,6860,3218,3642
LK-5315045,1954,934,1020
LK-5315050,359,173,186
LK-5315055,620,297,323
LK-5315060,2585,1295,1290
LK-5315065,1974,1003,971
LK-5315070,1685,816,869
LK-5315075,2095,1011,1084
LK-5315080,3801,1883,1918
LK-5315085,4205,2011,2194
LK-5315090,1125,546,579
LK-5315095,2220,1076,1144
LK-5315100,2855,1451,1404
LK-5315105,3066,1476,1590
LK-5315110,3358,1634,1724
LK-5315115,1266,655,611
LK-5315120,1818,872,946
LK-5315125,3900,1853,2047
LK-5315130,3387,1539,1848
LK-5315135,2260,1067,1193
LK-5315140,3307,1590,1717
LK-5315145,3179,1563,1616
LK-5315150,531,287,244
LK-5315155,1224,606,618
LK-5315160,2702,1377,1325
LK-5315165,1444,700,744
LK-5315170,2988,1451,1537
LK-5315175,1718,918,800
LK-5315180,5169,2499,2670
LK-5315185,2287,1101,1186
LK-5315190,2065,906,1159
LK-5315195,4583,2173,2410
LK-5315200,2507,1162,1345
LK-5315205,2009,909,1100
LK-5315210,2410,1176,1234
LK-5318,28527,14003,14524
LK-5318005,2107,1025,1082
LK-5318010,790,356,434
LK-5318015,1154,535,619
LK-5318020,1250,613,637
LK-5318025,3220,1577,1643
LK-5318030,4744,2372,2372
LK-5318035,353,163,190
LK-5318040,1447,707,740
LK-5318045,3858,1906,1952
LK-5318050,2667,1300,1367
LK-5318055,5544,2745,2799
LK-5318060,1393,704,689
LK-5321,46802,23127,23675
LK-5321005,1852,917,935
LK-5321010,1034,517,517
LK-5321015,890,428,462
LK-5321020,1776,904,872
LK-5321025,1174,569,605
LK-5321030,1334,675,659
LK-5321035,1094,560,534
LK-5321040,2797,1420,1377
LK-5321045,1601,776,825
LK-5321050,1086,553,533
LK-5321055,1585,782,803
LK-5321060,2128,1024,1104
LK-5321065,5614,2765,2849
LK-5321070,1066,495,571
LK-5321075,1506,706,800
LK-5321080,2302,1144,1158
LK-5321085,3175,1585,1590
LK-5321090,2809,1483,1326
LK-5321095,3124,1524,1600
LK-5321100,3242,1500,1742
LK-5321105,2150,1064,1086
LK-5321110,2919,1451,1468
LK-5321115,544,285,259
LK-5324,64613,32468,32145
LK-5324005,3471,1644,1827
LK-5324010,912,459,453
LK-5324015,2603,1320,1283
LK-5324020,1539,771,768
LK-5324025,616,326,290
LK-5324030,2842,1466,1376
LK-5324035,3152,1604,1548
LK-5324040,2531,1315,1216
LK-5324045,3173,1611,1562
LK-5324050,1191,545,646
LK-5324055,1388,719,669
LK-5324060,539,246,293
LK-5324065,2175,1117,1058
LK-5324070,2357,1157,1200
LK-5324075,4147,2115,2032
LK-5324080,2396,1192,1204
LK-5324085,2194,1158,1036
LK-5324090,1320,618,702
LK-5324095,1597,809,788
LK-5324100,1375,681,694
LK-5324105,1459,716,743
LK-5324110,1979,969,1010
LK-5324115,5238,2629,2609
LK-5324120,2381,1201,1180
LK-5324125,1298,659,639
LK-5324130,2962,1513,1449
LK-5324135,1976,982,994
LK-5324140,1650,841,809
LK-5324145,1998,981,1017
LK-5324150,2036,1033,1003
LK-5324155,118,71,47
LK-5327,56621,27762,28859
LK-5327015,319,153,166
LK-5327020,2,2,0
LK-5327025,1481,738,743
LK-5327030,1650,780,870
LK-5327035,2161,1103,1058
LK-5327040,3369,1761,1608
LK-5327045,2473,1268,1205
LK-5327050,1156,547,609
LK-5327055,568,269,299
LK-5327060,975,471,504
LK-5327065,994,484,510
LK-5327070,1440,707,733
LK-5327075,2523,1244,1279
LK-5327080,2723,1386,1337
LK-5327085,1615,823,792
LK-5327090,1647,765,882
LK-5327095,2832,1370,1462
LK-5327100,1776,889,887
LK-5327105,1680,821,859
LK-5327110,1925,936,989
LK-5327115,1116,536,580
LK-5327120,1450,694,756
LK-5327125,889,444,445
LK-5327130,861,421,440
LK-5327135,1996,979,1017
LK-5327140,1890,949,941
LK-5327145,1305,658,647
LK-5327150,1499,724,775
LK-5327155,1008,480,528
LK-5327160,1112,540,572
LK-5327165,1273,608,665
LK-5327170,546,241,305
LK-5327175,1253,592,661
LK-5327180,704,340,364
LK-5327185,1275,612,663
LK-5327190,947,465,482
LK-5327195,1248,616,632
LK-5327200,1356,610,746
LK-5327205,713,316,397
LK-5327210,871,420,451
LK-5330,13632,6742,6890
LK-5330005,627,305,322
LK-5330010,705,353,352
LK-5330015,243,110,133
LK-5330020,588,305,283
LK-5330025,954,448,506
LK-5330030,889,408,481
LK-5330035,422,235,187
LK-5330040,2438,1204,1234
LK-5330045,297,159,138
LK-5330050,373,207,166
LK-5330055,2217,1095,1122
LK-5330060,1185,595,590
LK-5330065,489,224,265
LK-5330070,512,241,271
LK-5330075,828,414,414
LK-5330080,865,439,426
LK-5333,11409,5574,5835
LK-5333005,545,267,278
LK-5333010,1916,924,992
LK-5333015,911,451,460
LK-5333020,1276,641,635
LK-5333025,826,388,438
LK-5333030,692,346,346
LK-5333035,1464,710,754
LK-5333040,1376,695,681
LK-5333045,1632,801,831
LK-5333050,771,351,420
LK-6,2380861,1146172,1234689
LK-61,1618465,777201,841264
LK-6103,31412,15180,16232
LK-6103005,819,395,424
LK-6103010,1094,559,535
LK-6103015,1003,502,501
LK-6103020,1422,693,729
LK-6103025,1149,558,591
LK-6103030,838,389,449
LK-6103035,843,416,427
LK-6103040,629,306,323
LK-6103045,597,305,292
LK-6103050,987,480,507
LK-6103055,812,386,426
LK-6103060,976,481,495
LK-6103065,1191,574,617
LK-6103070,490,250,240
LK-6103075,1019,473,546
LK-6103080,1784,851,933
LK-6103085,936,442,494
LK-6103090,604,300,304
LK-6103095,906,424,482
LK-6103100,1323,602,721
LK-6103105,1107,548,559
LK-6103110,787,376,411
LK-6103115,705,347,358
LK-6103120,877,414,463
LK-6103125,337,173,164
LK-6103130,500,244,256
LK-6103135,880,437,443
LK-6103140,407,199,208
LK-6103145,1191,559,632
LK-6103150,702,336,366
LK-6103155,405,200,205
LK-6103160,649,296,353
LK-6103165,1380,686,694
LK-6103170,1024,484,540
LK-6103175,1039,495,544
LK-6106,55078,26813,28265
LK-6106005,1439,722,717
LK-6106010,797,400,397
LK-6106015,516,253,263
LK-6106020,849,429,420
LK-6106025,722,335,387
LK-6106030,714,356,358
LK-6106035,748,359,389
LK-6106040,549,273,276
LK-6106045,1100,521,579
LK-6106050,762,367,395
LK-6106055,929,469,460
LK-6106060,1277,627,650
LK-6106065,1448,673,775
LK-6106070,1519,736,783
LK-6106075,2231,1106,1125
LK-6106080,732,374,358
LK-6106085,544,268,276
LK-6106090,998,478,520
LK-6106095,808,384,424
LK-6106100,1183,546,637
LK-6106105,573,294,279
LK-6106110,652,322,330
LK-6106115,661,326,335
LK-6106120,1228,597,631
LK-6106125,782,369,413
LK-6106130,824,389,435
LK-6106135,1030,483,547
LK-6106140,1262,612,650
LK-6106145,1563,752,811
LK-6106150,1152,550,602
LK-6106155,969,500,469
LK-6106160,613,307,306
LK-6106165,712,345,367
LK-6106170,709,357,352
LK-6106175,462,210,252
LK-6106180,1057,512,545
LK-6106185,790,387,403
LK-6106190,778,377,401
LK-6106195,1451,714,737
LK-6106200,1227,649,578
LK-6106205,728,339,389
LK-6106210,614,295,319
LK-6106215,895,426,469
LK-6106220,906,444,462
LK-6106225,477,239,238
LK-6106230,759,363,396
LK-6106235,563,264,299
LK-6106240,763,373,390
LK-6106245,780,371,409
LK-6106250,472,226,246
LK-6106255,527,260,267
LK-6106260,705,358,347
LK-6106265,836,401,435
LK-6106270,880,417,463
LK-6106275,1131,531,600
LK-6106280,819,407,412
LK-6106285,1091,527,564
LK-6106290,721,356,365
LK-6106295,578,289,289
LK-6106300,623,289,334
LK-6106305,858,435,423
LK-6106310,992,475,517
LK-6109,25781,12579,13202
LK-6109005,922,485,437
LK-6109010,943,450,493
LK-6109015,779,386,393
LK-6109020,808,406,402
LK-6109025,1075,545,530
LK-6109030,426,220,206
LK-6109035,736,364,372
LK-6109040,540,273,267
LK-6109045,570,278,292
LK-6109050,732,355,377
LK-6109055,656,333,323
LK-6109060,656,312,344
LK-6109065,720,362,358
LK-6109070,520,240,280
LK-6109075,770,369,401
LK-6109080,478,240,238
LK-6109085,691,343,348
LK-6109090,751,356,395
LK-6109095,920,433,487
LK-6109100,749,358,391
LK-6109105,1061,498,563
LK-6109110,594,276,318
LK-6109115,773,348,425
LK-6109120,594,271,323
LK-6109125,899,463,436
LK-6109130,665,303,362
LK-6109135,617,304,313
LK-6109140,688,344,344
LK-6109145,770,357,413
LK-6109150,1024,527,497
LK-6109155,986,495,491
LK-6109160,833,414,419
LK-6109165,561,276,285
LK-6109170,532,255,277
LK-6109175,742,340,402
LK-6112,22878,11020,11858
LK-6112005,815,413,402
LK-6112010,639,318,321
LK-6112015,1040,488,552
LK-6112020,561,286,275
LK-6112025,1123,551,572
LK-6112030,1574,771,803
LK-6112035,951,477,474
LK-6112040,563,295,268
LK-6112045,503,241,262
LK-6112050,687,332,355
LK-6112055,967,450,517
LK-6112060,1011,457,554
LK-6112065,1054,522,532
LK-6112070,488,218,270
LK-6112075,700,339,361
LK-6112080,976,447,529
LK-6112085,715,350,365
LK-6112090,1116,534,582
LK-6112095,704,320,384
LK-6112100,583,279,304
LK-6112105,588,273,315
LK-6112110,733,360,373
LK-6112115,573,279,294
LK-6112120,1176,550,626
LK-6112125,746,371,375
LK-6112130,965,473,492
LK-6112135,650,306,344
LK-6112140,677,320,357
LK-6115,21263,10140,11123
LK-6115005,899,418,481
LK-6115010,670,331,339
LK-6115015,711,338,373
LK-6115020,922,457,465
LK-6115025,551,278,273
LK-6115030,678,319,359
LK-6115035,488,230,258
LK-6115040,827,396,431
LK-6115045,612,278,334
LK-6115050,686,319,367
LK-6115055,631,298,333
LK-6115060,786,384,402
LK-6115065,913,423,490
LK-6115070,803,391,412
LK-6115075,758,359,399
LK-6115080,720,351,369
LK-6115085,405,182,223
LK-6115090,665,333,332
LK-6115095,640,286,354
LK-6115100,568,245,323
LK-6115105,1191,614,577
LK-6115110,556,259,297
LK-6115115,658,295,363
LK-6115120,593,277,316
LK-6115125,574,268,306
LK-6115130,470,244,226
LK-6115135,505,234,271
LK-6115140,1179,567,612
LK-6115145,696,332,364
LK-6115150,482,233,249
LK-6115155,426,201,225
LK-6118,21893,10648,11245
LK-6118005,447,220,227
LK-6118010,492,232,260
LK-6118015,953,463,490
LK-6118020,842,463,379
LK-6118025,578,292,286
LK-6118030,527,251,276
LK-6118035,537,255,282
LK-6118040,302,160,142
LK-6118045,769,382,387
LK-6118050,660,307,353
LK-6118055,279,131,148
LK-6118060,797,418,379
LK-6118065,772,395,377
LK-6118070,900,433,467
LK-6118075,1108,529,579
LK-6118080,1615,806,809
LK-6118085,555,264,291
LK-6118090,518,236,282
LK-6118095,1939,913,1026
LK-6118100,706,340,366
LK-6118105,440,197,243
LK-6118110,903,434,469
LK-6118115,916,452,464
LK-6118120,820,403,417
LK-6118125,764,362,402
LK-6118130,943,428,515
LK-6118135,1022,499,523
LK-6118140,789,383,406
LK-6121,40452,19485,20967
LK-6121005,1008,477,531
LK-6121010,540,268,272
LK-6121015,736,346,390
LK-6121020,1005,497,508
LK-6121025,868,384,484
LK-6121030,580,286,294
LK-6121035,933,448,485
LK-6121040,880,411,469
LK-6121045,928,460,468
LK-6121050,950,456,494
LK-6121055,1215,581,634
LK-6121060,982,472,510
LK-6121065,1352,642,710
LK-6121070,672,315,357
LK-6121075,963,457,506
LK-6121080,724,342,382
LK-6121085,972,454,518
LK-6121090,588,292,296
LK-6121095,802,394,408
LK-6121100,1028,504,524
LK-6121105,1478,707,771
LK-6121110,1360,643,717
LK-6121115,1909,993,916
LK-6121120,871,402,469
LK-6121125,988,481,507
LK-6121130,896,405,491
LK-6121135,934,475,459
LK-6121140,749,378,371
LK-6121145,575,290,285
LK-6121150,1060,524,536
LK-6121155,1164,559,605
LK-6121160,1034,506,528
LK-6121165,651,310,341
LK-6121170,906,442,464
LK-6121175,875,405,470
LK-6121180,1340,654,686
LK-6121185,1531,704,827
LK-6121190,1516,702,814
LK-6121195,891,440,451
LK-6121200,563,289,274
LK-6121205,755,351,404
LK-6121210,680,339,341
LK-6124,57485,27699,29786
LK-6124005,605,301,304
LK-6124010,957,436,521
LK-6124015,385,185,200
LK-6124020,703,346,357
LK-6124025,667,310,357
LK-6124030,847,412,435
LK-6124035,794,391,403
LK-6124040,945,466,479
LK-6124045,771,379,392
LK-6124050,795,380,415
LK-6124055,781,385,396
LK-6124060,774,354,420
LK-6124065,968,446,522
LK-6124070,905,435,470
LK-6124075,1081,539,542
LK-6124080,664,320,344
LK-6124085,648,315,333
LK-6124090,879,433,446
LK-6124095,638,301,337
LK-6124100,1218,645,573
LK-6124105,961,477,484
LK-6124110,1102,526,576
LK-6124115,815,394,421
LK-6124120,930,458,472
LK-6124125,1044,497,547
LK-6124130,1009,493,516
LK-6124135,723,346,377
LK-6124140,1037,504,533
LK-6124145,1152,546,606
LK-6124150,985,474,511
LK-6124155,1088,513,575
LK-6124160,596,272,324
LK-6124165,1167,559,608
LK-6124170,589,259,330
LK-6124175,720,342,378
LK-6124180,679,306,373
LK-6124185,715,360,355
LK-6124190,1132,619,513
LK-6124195,1062,475,587
LK-6124200,757,363,394
LK-6124205,902,413,489
LK-6124210,670,324,346
LK-6124215,704,338,366
LK-6124220,615,291,324
LK-6124225,764,356,408
LK-6124230,881,437,444
LK-6124235,897,422,475
LK-6124240,967,444,523
LK-6124245,816,387,429
LK-6124250,1019,509,510
LK-6124255,847,404,443
LK-6124260,989,474,515
LK-6124265,715,328,387
LK-6124270,798,369,429
LK-6124275,765,355,410
LK-6124280,841,404,437
LK-6124285,616,311,305
LK-6124290,834,394,440
LK-6124295,1011,516,495
LK-6124300,1130,547,583
LK-6124305,538,272,266
LK-6124310,692,329,363
LK-6124315,1285,630,655
LK-6124320,794,386,408
LK-6124325,786,354,432
LK-6124330,707,356,351
LK-6124335,846,401,445
LK-6124340,768,386,382
LK-6127,76139,37001,39138
LK-6127005,1156,577,579
LK-6127010,995,489,506
LK-6127015,867,416,451
LK-6127020,725,365,360
LK-6127025,895,452,443
LK-6127030,989,489,500
LK-6127035,689,329,360
LK-6127040,889,438,451
LK-6127045,783,372,411
LK-6127050,568,261,307
LK-6127055,517,241,276
LK-6127060,912,440,472
LK-6127065,613,298,315
LK-6127070,878,415,463
LK-6127075,806,372,434
LK-6127080,482,228,254
LK-6127085,628,311,317
LK-6127090,542,273,269
LK-6127095,844,416,428
LK-6127100,714,341,373
LK-6127105,681,329,352
LK-6127110,645,316,329
LK-6127115,884,412,472
LK-6127120,1400,697,703
LK-6127125,1626,789,837
LK-6127130,1871,943,928
LK-6127135,719,370,349
LK-6127140,686,334,352
LK-6127145,1698,858,840
LK-6127150,784,368,416
LK-6127155,701,348,353
LK-6127160,627,301,326
LK-6127165,1005,472,533
LK-6127170,1028,462,566
LK-6127175,1167,559,608
LK-6127180,1400,672,728
LK-6127185,858,414,444
LK-6127190,771,367,404
LK-6127195,821,393,428
LK-6127200,863,407,456
LK-6127205,1619,816,803
LK-6127210,615,293,322
LK-6127215,1038,461,577
LK-6127220,2487,1226,1261
LK-6127225,715,341,374
LK-6127230,821,378,443
LK-6127235,866,397,469
LK-6127240,904,435,469
LK-6127245,579,297,282
LK-6127250,1040,512,528
LK-6127255,750,382,368
LK-6127260,832,401,431
LK-6127265,467,230,237
LK-6127270,585,282,303
LK-6127275,1354,671,683
LK-6127280,836,426,410
LK-6127285,592,286,306
LK-6127290,766,391,375
LK-6127295,1336,644,692
LK-6127300,774,383,391
LK-6127305,1143,543,600
LK-6127310,1040,542,498
LK-6127315,538,258,280
LK-6127320,873,428,445
LK-6127325,1299,645,654
LK-6127330,944,472,472
LK-6127335,1386,661,725
LK-6127340,1325,628,697
LK-6127345,686,329,357
LK-6127350,1261,613,648
LK-6127355,944,443,501
LK-6127360,816,409,407
LK-6127365,551,267,284
LK-6127370,1098,522,576
LK-6127375,790,390,400
LK-6127380,465,224,241
LK-6127385,1425,697,728
LK-6127390,767,365,402
LK-6127395,1356,651,705
LK-6127400,843,430,413
LK-6127405,1110,512,598
LK-6127410,776,386,390
LK-6130,85309,40633,44676
LK-6130005,1148,572,576
LK-6130010,972,471,501
LK-6130015,683,310,373
LK-6130020,1109,536,573
LK-6130025,1504,743,761
LK-6130030,1054,492,562
LK-6130035,994,466,528
LK-6130040,1155,548,607
LK-6130045,1848,900,948
LK-6130050,1751,826,925
LK-6130055,1258,607,651
LK-6130060,1326,624,702
LK-6130065,964,463,501
LK-6130070,639,315,324
LK-6130075,1454,674,780
LK-6130080,804,364,440
LK-6130085,1245,581,664
LK-6130090,1251,598,653
LK-6130095,1298,617,681
LK-6130100,819,400,419
LK-6130105,934,431,503
LK-6130110,903,432,471
LK-6130115,570,269,301
LK-6130120,1241,615,626
LK-6130125,297,159,138
LK-6130130,1712,842,870
LK-6130135,1931,942,989
LK-6130140,691,335,356
LK-6130145,478,236,242
LK-6130150,1573,743,830
LK-6130155,1086,510,576
LK-6130160,805,384,421
LK-6130165,387,200,187
LK-6130170,661,317,344
LK-6130175,495,249,246
LK-6130180,711,339,372
LK-6130185,965,463,502
LK-6130190,795,360,435
LK-6130195,894,425,469
LK-6130200,712,319,393
LK-6130205,1043,478,565
LK-6130210,866,409,457
LK-6130215,769,359,410
LK-6130220,1434,727,707
LK-6130225,661,308,353
LK-6130230,1614,758,856
LK-6130235,760,372,388
LK-6130240,621,296,325
LK-6130245,656,312,344
LK-6130250,888,407,481
LK-6130255,1352,630,722
LK-6130260,1079,513,566
LK-6130265,1095,526,569
LK-6130270,1764,814,950
LK-6130275,1866,872,994
LK-6130280,1223,550,673
LK-6130285,954,465,489
LK-6130290,1214,577,637
LK-6130295,1829,874,955
LK-6130300,1473,717,756
LK-6130305,1474,703,771
LK-6130310,1075,510,565
LK-6130315,774,383,391
LK-6130320,1097,515,582
LK-6130325,861,402,459
LK-6130330,1677,831,846
LK-6130335,2457,1184,1273
LK-6130340,1412,684,728
LK-6130345,1388,671,717
LK-6130350,1667,766,901
LK-6130355,1616,772,844
LK-6130360,2039,898,1141
LK-6130365,1922,940,982
LK-6130370,1572,733,839
LK-6133,40137,19284,20853
LK-6133005,731,367,364
LK-6133010,691,332,359
LK-6133015,745,363,382
LK-6133020,528,259,269
LK-6133025,650,338,312
LK-6133030,806,399,407
LK-6133035,756,371,385
LK-6133040,976,464,512
LK-6133045,969,509,460
LK-6133050,840,427,413
LK-6133055,754,331,423
LK-6133060,1823,865,958
LK-6133065,1209,589,620
LK-6133070,1169,580,589
LK-6133075,617,281,336
LK-6133080,1158,566,592
LK-6133085,793,374,419
LK-6133090,1286,611,675
LK-6133095,1041,491,550
LK-6133100,1187,548,639
LK-6133105,942,411,531
LK-6133110,1158,535,623
LK-6133115,987,473,514
LK-6133120,613,285,328
LK-6133125,1267,603,664
LK-6133130,665,328,337
LK-6133135,1491,733,758
LK-6133140,1492,700,792
LK-6133145,1301,628,673
LK-6133150,813,375,438
LK-6133155,351,175,176
LK-6133160,792,369,423
LK-6133165,948,465,483
LK-6133170,1353,657,696
LK-6133175,865,418,447
LK-6133180,1019,502,517
LK-6133185,933,433,500
LK-6133190,559,264,295
LK-6133195,1387,680,707
LK-6133200,846,404,442
LK-6133205,934,449,485
LK-6133210,692,332,360
LK-6136,61425,29810,31615
LK-6136005,962,479,483
LK-6136010,793,392,401
LK-6136015,996,462,534
LK-6136020,931,435,496
LK-6136025,1112,549,563
LK-6136030,1031,498,533
LK-6136035,695,341,354
LK-6136040,914,426,488
LK-6136045,1276,627,649
LK-6136050,552,255,297
LK-6136055,1209,578,631
LK-6136060,909,449,460
LK-6136065,971,455,516
LK-6136070,655,311,344
LK-6136075,1490,696,794
LK-6136080,705,325,380
LK-6136085,612,289,323
LK-6136090,946,478,468
LK-6136095,1215,582,633
LK-6136100,783,356,427
LK-6136105,1147,548,599
LK-6136110,910,416,494
LK-6136115,1575,721,854
LK-6136120,1545,735,810
LK-6136125,1052,491,561
LK-6136130,538,276,262
LK-6136135,1188,577,611
LK-6136140,622,301,321
LK-6136145,1185,580,605
LK-6136150,763,366,397
LK-6136155,1571,782,789
LK-6136160,1156,556,600
LK-6136165,1664,797,867
LK-6136170,1252,612,640
LK-6136175,1385,651,734
LK-6136180,887,436,451
LK-6136185,738,368,370
LK-6136190,740,348,392
LK-6136195,828,409,419
LK-6136200,1040,492,548
LK-6136205,961,454,507
LK-6136210,1073,510,563
LK-6136215,700,323,377
LK-6136220,1101,497,604
LK-6136225,1612,781,831
LK-6136230,2184,1128,1056
LK-6136235,991,483,508
LK-6136240,976,485,491
LK-6136245,1175,548,627
LK-6136250,2000,1211,789
LK-6136255,1013,494,519
LK-6136260,1905,911,994
LK-6136265,1131,555,576
LK-6136270,1441,689,752
LK-6136275,738,351,387
LK-6136280,1881,945,936
LK-6139,35975,17473,18502
LK-6139005,1021,503,518
LK-6139010,1316,632,684
LK-6139015,1035,505,530
LK-6139020,1006,477,529
LK-6139025,979,478,501
LK-6139030,1145,552,593
LK-6139035,1361,662,699
LK-6139040,1099,553,546
LK-6139045,1016,517,499
LK-6139050,1034,482,552
LK-6139055,1046,500,546
LK-6139060,777,396,381
LK-6139065,1108,549,559
LK-6139070,763,379,384
LK-6139075,702,330,372
LK-6139080,869,404,465
LK-6139085,1474,696,778
LK-6139090,965,483,482
LK-6139095,832,412,420
LK-6139100,901,434,467
LK-6139105,857,445,412
LK-6139110,649,307,342
LK-6139115,960,481,479
LK-6139120,925,437,488
LK-6139125,2085,981,1104
LK-6139130,886,424,462
LK-6139135,1333,662,671
LK-6139140,1091,541,550
LK-6139145,1082,533,549
LK-6139150,974,456,518
LK-6139155,1179,571,608
LK-6139160,885,425,460
LK-6139165,1057,503,554
LK-6139170,848,417,431
LK-6139175,715,346,369
LK-6142,62349,29799,32550
LK-6142005,948,448,500
LK-6142010,1733,841,892
LK-6142015,1210,596,614
LK-6142020,1524,726,798
LK-6142025,1061,522,539
LK-6142030,992,477,515
LK-6142035,918,447,471
LK-6142040,913,456,457
LK-6142045,1682,837,845
LK-6142050,888,434,454
LK-6142055,1035,484,551
LK-6142060,1213,564,649
LK-6142065,861,415,446
LK-6142070,1092,518,574
LK-6142075,903,424,479
LK-6142080,497,222,275
LK-6142085,1163,538,625
LK-6142090,1439,703,736
LK-6142095,1091,519,572
LK-6142100,1033,524,509
LK-6142105,781,383,398
LK-6142110,930,427,503
LK-6142115,1635,759,876
LK-6142120,1577,790,787
LK-6142125,1683,671,1012
LK-6142130,665,304,361
LK-6142135,1221,595,626
LK-6142140,1268,614,654
LK-6142145,1416,694,722
LK-6142150,1606,776,830
LK-6142155,1689,817,872
LK-6142160,1491,719,772
LK-6142165,1235,605,630
LK-6142170,2357,1176,1181
LK-6142175,1205,610,595
LK-6142180,2305,1126,1179
LK-6142185,2098,981,1117
LK-6142190,1247,588,659
LK-6142195,1058,503,555
LK-6142200,1285,608,677
LK-6142205,1363,667,696
LK-6142210,879,387,492
LK-6142215,1243,600,643
LK-6142220,782,366,416
LK-6142225,1400,644,756
LK-6142230,676,309,367
LK-6142235,1110,535,575
LK-6142240,830,393,437
LK-6142245,804,384,420
LK-6142250,862,391,471
LK-6142255,907,426,481
LK-6142260,545,256,289
LK-6145,66122,31960,34162
LK-6145005,1003,481,522
LK-6145010,838,407,431
LK-6145015,1223,597,626
LK-6145020,725,356,369
LK-6145025,1218,583,635
LK-6145030,1514,718,796
LK-6145035,633,311,322
LK-6145040,820,390,430
LK-6145045,1160,571,589
LK-6145050,924,450,474
LK-6145055,541,277,264
LK-6145060,994,487,507
LK-6145065,796,383,413
LK-6145070,881,434,447
LK-6145075,750,350,400
LK-6145080,1166,559,607
LK-6145085,1055,525,530
LK-6145090,911,455,456
LK-6145095,908,440,468
LK-6145100,1046,507,539
LK-6145105,1126,507,619
LK-6145110,1033,521,512
LK-6145115,2342,1098,1244
LK-6145120,1474,762,712
LK-6145125,925,431,494
LK-6145130,1388,677,711
LK-6145135,934,449,485
LK-6145140,878,420,458
LK-6145145,1468,696,772
LK-6145150,1017,505,512
LK-6145155,1385,676,709
LK-6145160,1400,696,704
LK-6145165,1117,529,588
LK-6145170,940,492,448
LK-6145175,792,387,405
LK-6145180,592,264,328
LK-6145185,939,439,500
LK-6145190,903,446,457
LK-6145195,785,397,388
LK-6145200,918,438,480
LK-6145205,1621,781,840
LK-6145210,990,488,502
LK-6145215,764,371,393
LK-6145220,687,317,370
LK-6145225,1029,531,498
LK-6145226,829,403,426
LK-6145227,984,486,498
LK-6145228,567,271,296
LK-6145230,727,348,379
LK-6145235,675,316,359
LK-6145240,904,456,448
LK-6145245,620,288,332
LK-6145250,1099,507,592
LK-6145255,749,359,390
LK-6145260,683,346,337
LK-6145265,1087,527,560
LK-6145270,730,355,375
LK-6145275,841,404,437
LK-6145280,951,434,517
LK-6145285,818,387,431
LK-6145290,567,271,296
LK-6145295,1075,521,554
LK-6145300,1134,549,585
LK-6145305,946,442,504
LK-6145310,1161,551,610
LK-6145315,1515,720,795
LK-6145320,907,420,487
LK-6148,30006,14401,15605
LK-6148020,822,375,447
LK-6148025,752,361,391
LK-6148030,784,379,405
LK-6148035,684,315,369
LK-6148040,813,379,434
LK-6148045,919,473,446
LK-6148050,1499,708,791
LK-6148055,965,451,514
LK-6148060,758,353,405
LK-6148065,772,362,410
LK-6148070,960,443,517
LK-6148075,997,490,507
LK-6148080,731,364,367
LK-6148085,985,486,499
LK-6148090,523,267,256
LK-6148095,668,314,354
LK-6148100,1109,536,573
LK-6148105,839,413,426
LK-6148110,1005,463,542
LK-6148115,963,463,500
LK-6148120,913,437,476
LK-6148125,902,430,472
LK-6148130,603,274,329
LK-6148135,564,268,296
LK-6148140,528,251,277
LK-6148145,730,355,375
LK-6148150,727,342,385
LK-6148155,410,195,215
LK-6148160,825,411,414
LK-6148165,1482,739,743
LK-6148170,751,370,381
LK-6148175,718,349,369
LK-6148180,727,339,388
LK-6148185,710,361,349
LK-6148190,1029,505,524
LK-6148195,839,380,459
LK-6149,36217,17263,18954
LK-6149005,655,316,339
LK-6149010,596,293,303
LK-6149015,969,450,519
LK-6149020,1487,717,770
LK-6149025,1324,619,705
LK-6149030,2353,1104,1249
LK-6149035,708,334,374
LK-6149040,1472,696,776
LK-6149045,1027,514,513
LK-6149050,800,359,441
LK-6149055,1008,474,534
LK-6149060,801,351,450
LK-6149065,801,373,428
LK-6149070,1003,499,504
LK-6149075,949,437,512
LK-6149080,1007,469,538
LK-6149085,375,175,200
LK-6149090,817,406,411
LK-6149095,698,327,371
LK-6149100,1713,805,908
LK-6149105,1241,609,632
LK-6149110,431,214,217
LK-6149115,698,327,371
LK-6149120,1652,798,854
LK-6149125,1283,586,697
LK-6149130,1298,629,669
LK-6149135,1516,690,826
LK-6149140,661,319,342
LK-6149145,593,276,317
LK-6149150,1154,568,586
LK-6149155,907,455,452
LK-6149160,1465,724,741
LK-6149165,1124,574,550
LK-6149170,360,168,192
LK-6149175,581,266,315
LK-6149180,690,342,348
LK-6151,34262,16293,17969
LK-6151005,988,475,513
LK-6151010,982,456,526
LK-6151015,842,411,431
LK-6151020,368,178,190
LK-6151025,904,432,472
LK-6151030,752,365,387
LK-6151035,691,330,361
LK-6151040,566,275,291
LK-6151045,453,214,239
LK-6151050,1005,478,527
LK-6151055,542,257,285
LK-6151060,1108,526,582
LK-6151065,833,405,428
LK-6151070,1440,689,751
LK-6151075,359,168,191
LK-6151080,1304,614,690
LK-6151085,1546,757,789
LK-6151090,657,325,332
LK-6151095,768,361,407
LK-6151100,1562,736,826
LK-6151105,1129,513,616
LK-6151110,1443,712,731
LK-6151115,2191,1039,1152
LK-6151120,777,354,423
LK-6151125,1428,673,755
LK-6151130,1584,762,822
LK-6151135,1036,489,547
LK-6151140,1341,643,698
LK-6151145,559,266,293
LK-6151150,988,457,531
LK-6151155,1050,494,556
LK-6151160,2179,991,1188
LK-6151165,887,448,439
LK-6154,80755,38734,42021
LK-6154005,641,294,347
LK-6154010,659,317,342
LK-6154015,812,418,394
LK-6154020,718,324,394
LK-6154025,997,475,522
LK-6154030,966,475,491
LK-6154035,890,449,441
LK-6154040,1075,511,564
LK-6154045,1383,680,703
LK-6154050,985,448,537
LK-6154055,889,426,463
LK-6154060,835,405,430
LK-6154065,1041,497,544
LK-6154070,733,350,383
LK-6154075,1708,821,887
LK-6154080,790,382,408
LK-6154085,787,360,427
LK-6154090,1391,681,710
LK-6154095,2896,1325,1571
LK-6154100,3311,1624,1687
LK-6154105,1441,754,687
LK-6154110,2020,843,1177
LK-6154115,1465,717,748
LK-6154120,1636,797,839
LK-6154125,3243,1556,1687
LK-6154130,2386,1102,1284
LK-6154135,1485,706,779
LK-6154140,1972,958,1014
LK-6154145,3717,1739,1978
LK-6154150,3314,1649,1665
LK-6154155,1304,647,657
LK-6154160,475,363,112
LK-6154165,1661,782,879
LK-6154170,1531,740,791
LK-6154175,2745,1314,1431
LK-6154180,1378,691,687
LK-6154185,1936,904,1032
LK-6154190,1479,709,770
LK-6154195,1262,597,665
LK-6154200,1438,682,756
LK-6154205,1213,561,652
LK-6154210,983,479,504
LK-6154215,810,388,422
LK-6154220,1338,666,672
LK-6154225,1325,641,684
LK-6154230,1579,710,869
LK-6154235,1566,762,804
LK-6154240,1932,935,997
LK-6154245,2247,1032,1215
LK-6154250,1335,646,689
LK-6154255,2117,1021,1096
LK-6154260,807,377,430
LK-6154265,786,365,421
LK-6154270,1322,639,683
LK-6157,52634,25197,27437
LK-6157005,1036,509,527
LK-6157010,867,395,472
LK-6157015,1648,805,843
LK-6157020,994,489,505
LK-6157025,1201,560,641
LK-6157030,971,459,512
LK-6157035,681,323,358
LK-6157040,692,324,368
LK-6157045,1518,718,800
LK-6157050,961,453,508
LK-6157055,2922,1387,1535
LK-6157060,1327,665,662
LK-6157065,1008,498,510
LK-6157070,924,469,455
LK-6157075,536,251,285
LK-6157080,1743,835,908
LK-6157085,2095,1002,1093
LK-6157090,1307,605,702
LK-6157095,1860,902,958
LK-6157100,4326,2134,2192
LK-6157105,3243,1536,1707
LK-6157110,1258,609,649
LK-6157115,1779,861,918
LK-6157120,623,300,323
LK-6157125,1350,673,677
LK-6157130,703,315,388
LK-6157135,556,270,286
LK-6157140,576,258,318
LK-6157145,955,454,501
LK-6157150,980,481,499
LK-6157155,609,310,299
LK-6157160,693,334,359
LK-6157165,825,378,447
LK-6157170,1078,518,560
LK-6157175,604,272,332
LK-6157180,1441,638,803
LK-6157185,559,263,296
LK-6157190,723,344,379
LK-6157195,773,366,407
LK-6157200,894,421,473
LK-6157205,963,466,497
LK-6157210,720,350,370
LK-6157215,1019,491,528
LK-6157220,808,365,443
LK-6157225,285,141,144
LK-6160,64904,30964,33940
LK-6160005,1297,625,672
LK-6160010,783,377,406
LK-6160015,916,420,496
LK-6160020,1064,530,534
LK-6160025,1356,679,677
LK-6160030,1139,514,625
LK-6160035,486,234,252
LK-6160040,1117,563,554
LK-6160045,879,425,454
LK-6160050,843,395,448
LK-6160055,736,362,374
LK-6160060,475,211,264
LK-6160065,688,341,347
LK-6160070,1541,751,790
LK-6160075,549,256,293
LK-6160080,1196,570,626
LK-6160085,887,436,451
LK-6160090,890,445,445
LK-6160095,518,251,267
LK-6160100,904,435,469
LK-6160105,1123,555,568
LK-6160110,1137,559,578
LK-6160115,1525,760,765
LK-6160120,935,435,500
LK-6160125,910,453,457
LK-6160130,1577,732,845
LK-6160135,2173,1066,1107
LK-6160140,814,379,435
LK-6160145,1344,618,726
LK-6160150,679,318,361
LK-6160155,297,136,161
LK-6160160,594,270,324
LK-6160165,413,198,215
LK-6160170,792,379,413
LK-6160175,354,162,192
LK-6160180,520,218,302
LK-6160185,592,264,328
LK-6160190,734,327,407
LK-6160195,1023,481,542
LK-6160200,2019,957,1062
LK-6160205,616,283,333
LK-6160210,872,409,463
LK-6160215,1011,467,544
LK-6160220,1501,735,766
LK-6160225,1367,644,723
LK-6160230,2352,1226,1126
LK-6160235,878,413,465
LK-6160240,838,394,444
LK-6160245,739,310,429
LK-6160250,1503,670,833
LK-6160255,600,290,310
LK-6160260,1439,675,764
LK-6160265,488,235,253
LK-6160270,687,320,367
LK-6160275,867,412,455
LK-6160280,931,440,491
LK-6160285,1318,625,693
LK-6160290,528,249,279
LK-6160295,813,379,434
LK-6160300,1111,520,591
LK-6160305,1148,562,586
LK-6160310,745,363,382
LK-6160315,557,266,291
LK-6160320,691,330,361
LK-6160325,710,333,377
LK-6160330,589,284,305
LK-6160335,588,273,315
LK-6160340,396,191,205
LK-6160345,404,192,212
LK-6160350,509,245,264
LK-6160355,289,142,147
LK-6163,88714,42248,46466
LK-6163005,458,216,242
LK-6163010,930,440,490
LK-6163015,815,395,420
LK-6163020,971,475,496
LK-6163025,733,362,371
LK-6163030,1001,479,522
LK-6163035,590,266,324
LK-6163040,801,367,434
LK-6163045,959,460,499
LK-6163050,358,161,197
LK-6163055,764,369,395
LK-6163060,704,324,380
LK-6163065,758,368,390
LK-6163070,1463,694,769
LK-6163075,817,381,436
LK-6163080,668,316,352
LK-6163085,1063,506,557
LK-6163090,700,333,367
LK-6163095,747,336,411
LK-6163100,529,264,265
LK-6163105,930,449,481
LK-6163110,879,435,444
LK-6163115,793,374,419
LK-6163120,1814,878,936
LK-6163125,587,297,290
LK-6163130,1054,500,554
LK-6163135,915,448,467
LK-6163140,1638,768,870
LK-6163145,1501,682,819
LK-6163150,1534,723,811
LK-6163155,1327,631,696
LK-6163160,1258,661,597
LK-6163165,755,342,413
LK-6163170,1135,511,624
LK-6163175,819,386,433
LK-6163180,933,438,495
LK-6163185,1134,529,605
LK-6163190,803,360,443
LK-6163195,689,338,351
LK-6163200,575,276,299
LK-6163205,239,118,121
LK-6163210,1972,904,1068
LK-6163215,1496,730,766
LK-6163220,532,256,276
LK-6163225,989,485,504
LK-6163230,984,465,519
LK-6163235,1079,533,546
LK-6163240,440,207,233
LK-6163245,752,342,410
LK-6163250,644,297,347
LK-6163255,604,288,316
LK-6163260,880,402,478
LK-6163265,861,433,428
LK-6163270,533,243,290
LK-6163275,161,82,79
LK-6163280,329,143,186
LK-6163285,751,338,413
LK-6163290,1139,535,604
LK-6163295,362,173,189
LK-6163300,451,208,243
LK-6163305,878,431,447
LK-6163310,481,238,243
LK-6163315,769,370,399
LK-6163320,433,210,223
LK-6163325,707,364,343
LK-6163330,551,257,294
LK-6163335,415,206,209
LK-6163340,897,449,448
LK-6163345,524,230,294
LK-6163350,823,387,436
LK-6163355,545,243,302
LK-6163360,593,267,326
LK-6163365,1242,562,680
LK-6163370,1068,516,552
LK-6163375,301,152,149
LK-6163380,338,168,170
LK-6163385,329,169,160
LK-6163390,658,329,329
LK-6163395,1081,528,553
LK-6163400,499,263,236
LK-6163405,669,325,344
LK-6163410,1022,497,525
LK-6163415,808,379,429
LK-6163420,1120,501,619
LK-6163425,594,289,305
LK-6163430,282,129,153
LK-6163435,673,316,357
LK-6163440,659,329,330
LK-6163445,720,349,371
LK-6163450,1555,761,794
LK-6163455,1014,499,515
LK-6163460,613,283,330
LK-6163465,464,227,237
LK-6163470,462,229,233
LK-6163475,557,257,300
LK-6163480,751,363,388
LK-6163485,540,245,295
LK-6163490,266,125,141
LK-6163495,612,290,322
LK-6163500,701,332,369
LK-6163505,602,280,322
LK-6163510,555,257,298
LK-6163515,974,445,529
LK-6163520,404,207,197
LK-6163525,787,368,419
LK-6163530,775,373,402
LK-6163535,887,412,475
LK-6163540,560,257,303
LK-6163545,876,428,448
LK-6163550,488,247,241
LK-6163555,670,313,357
LK-6163560,901,439,462
LK-6163565,921,438,483
LK-6166,34339,16141,18198
LK-6166005,414,197,217
LK-6166010,1026,477,549
LK-6166015,721,325,396
LK-6166020,714,339,375
LK-6166025,611,281,330
LK-6166030,430,201,229
LK-6166035,1063,504,559
LK-6166040,835,415,420
LK-6166045,1133,533,600
LK-6166050,544,249,295
LK-6166055,827,418,409
LK-6166060,683,307,376
LK-6166065,709,351,358
LK-6166070,1703,771,932
LK-6166075,1094,513,581
LK-6166080,831,407,424
LK-6166085,782,346,436
LK-6166090,804,418,386
LK-6166095,1090,527,563
LK-6166100,717,346,371
LK-6166105,1236,590,646
LK-6166110,486,222,264
LK-6166115,906,432,474
LK-6166120,1278,596,682
LK-6166125,561,257,304
LK-6166130,1534,737,797
LK-6166135,2177,999,1178
LK-6166140,968,468,500
LK-6166145,1135,545,590
LK-6166150,778,358,420
LK-6166155,1381,629,752
LK-6166160,857,403,454
LK-6166165,654,300,354
LK-6166170,626,282,344
LK-6166175,995,462,533
LK-6166180,768,348,420
LK-6166185,584,291,293
LK-6166190,684,297,387
LK-6169,54062,26076,27986
LK-6169005,1108,541,567
LK-6169010,1128,565,563
LK-6169015,1308,623,685
LK-6169020,856,414,442
LK-6169025,1091,534,557
LK-6169030,696,355,341
LK-6169035,1346,626,720
LK-6169040,2420,1089,1331
LK-6169045,1024,469,555
LK-6169050,1240,625,615
LK-6169055,1930,956,974
LK-6169060,3783,1945,1838
LK-6169065,1486,745,741
LK-6169070,2527,1289,1238
LK-6169075,1340,618,722
LK-6169080,742,365,377
LK-6169085,879,413,466
LK-6169090,936,473,463
LK-6169095,910,424,486
LK-6169100,1338,582,756
LK-6169105,1223,598,625
LK-6169110,894,420,474
LK-6169115,1415,684,731
LK-6169120,830,393,437
LK-6169125,1555,713,842
LK-6169130,1007,472,535
LK-6169135,961,473,488
LK-6169140,1035,521,514
LK-6169145,2837,1367,1470
LK-6169150,1360,635,725
LK-6169155,1586,734,852
LK-6169160,721,363,358
LK-6169165,813,383,430
LK-6169170,801,374,427
LK-6169175,1336,622,714
LK-6169180,744,351,393
LK-6169185,960,454,506
LK-6169190,510,235,275
LK-6169195,610,296,314
LK-6169200,933,461,472
LK-6169205,614,309,305
LK-6169210,885,434,451
LK-6169215,1020,505,515
LK-6169220,672,313,359
LK-6169225,652,315,337
LK-6172,77316,36670,40646
LK-6172005,452,206,246
LK-6172010,1509,722,787
LK-6172015,493,241,252
LK-6172020,1436,680,756
LK-6172025,1592,789,803
LK-6172030,917,429,488
LK-6172035,1065,495,570
LK-6172040,1662,790,872
LK-6172045,1466,725,741
LK-6172050,2167,1036,1131
LK-6172055,1105,526,579
LK-6172060,1423,676,747
LK-6172065,1045,497,548
LK-6172070,1335,628,707
LK-6172075,1133,537,596
LK-6172080,1686,791,895
LK-6172085,897,438,459
LK-6172090,1599,684,915
LK-6172095,2316,1100,1216
LK-6172100,2076,1027,1049
LK-6172105,1035,532,503
LK-6172110,1246,562,684
LK-6172115,1175,531,644
LK-6172120,1161,568,593
LK-6172125,751,346,405
LK-6172130,1529,712,817
LK-6172135,631,299,332
LK-6172140,1670,776,894
LK-6172145,1152,554,598
LK-6172150,1182,565,617
LK-6172155,1066,488,578
LK-6172160,969,467,502
LK-6172165,871,418,453
LK-6172170,965,435,530
LK-6172175,1360,635,725
LK-6172180,1283,603,680
LK-6172185,1310,619,691
LK-6172190,1063,503,560
LK-6172195,1201,546,655
LK-6172200,718,332,386
LK-6172205,2044,951,1093
LK-6172210,1036,486,550
LK-6172215,1196,573,623
LK-6172220,1156,522,634
LK-6172225,969,469,500
LK-6172230,1377,662,715
LK-6172235,705,331,374
LK-6172240,1183,561,622
LK-6172245,1393,663,730
LK-6172250,1047,482,565
LK-6172255,366,187,179
LK-6172260,585,278,307
LK-6172265,925,462,463
LK-6172270,1437,695,742
LK-6172275,1293,627,666
LK-6172280,1457,701,756
LK-6172285,582,273,309
LK-6172290,929,428,501
LK-6172295,768,370,398
LK-6172300,758,362,396
LK-6172305,543,255,288
LK-6172310,591,280,311
LK-6172315,731,353,378
LK-6172320,694,343,351
LK-6172325,1146,558,588
LK-6172330,651,308,343
LK-6172335,950,456,494
LK-6172340,1092,526,566
LK-6175,52231,25055,27176
LK-6175005,951,423,528
LK-6175010,1209,566,643
LK-6175015,998,483,515
LK-6175020,690,334,356
LK-6175025,916,434,482
LK-6175030,879,441,438
LK-6175035,1915,919,996
LK-6175040,830,403,427
LK-6175045,1231,577,654
LK-6175050,749,350,399
LK-6175055,1468,801,667
LK-6175060,1874,869,1005
LK-6175065,1020,493,527
LK-6175070,1089,527,562
LK-6175075,1067,525,542
LK-6175080,2290,1135,1155
LK-6175085,831,374,457
LK-6175090,703,336,367
LK-6175095,1080,517,563
LK-6175100,1622,788,834
LK-6175105,1069,497,572
LK-6175110,2209,1083,1126
LK-6175115,902,421,481
LK-6175120,1251,619,632
LK-6175125,1415,682,733
LK-6175130,1106,518,588
LK-6175135,2065,960,1105
LK-6175140,873,431,442
LK-6175145,1058,517,541
LK-6175150,779,376,403
LK-6175155,1386,649,737
LK-6175160,1211,585,626
LK-6175165,1329,632,697
LK-6175170,2091,1012,1079
LK-6175175,828,412,416
LK-6175180,1138,515,623
LK-6175185,1448,694,754
LK-6175190,1312,634,678
LK-6175195,901,433,468
LK-6175200,1515,694,821
LK-6175205,970,449,521
LK-6175210,1100,532,568
LK-6175215,863,415,448
LK-6178,124225,59466,64759
LK-6178005,1172,548,624
LK-6178010,2209,1071,1138
LK-6178015,1408,680,728
LK-6178020,1475,711,764
LK-6178025,2446,1155,1291
LK-6178030,1084,510,574
LK-6178035,1084,505,579
LK-6178040,1052,506,546
LK-6178045,864,413,451
LK-6178050,1266,598,668
LK-6178055,1571,748,823
LK-6178060,799,369,430
LK-6178065,1219,574,645
LK-6178070,986,475,511
LK-6178075,1179,549,630
LK-6178080,1454,716,738
LK-6178085,1283,609,674
LK-6178090,847,409,438
LK-6178095,1386,676,710
LK-6178100,1483,685,798
LK-6178105,689,331,358
LK-6178110,1090,535,555
LK-6178115,1472,703,769
LK-6178120,1632,808,824
LK-6178125,1501,733,768
LK-6178130,935,450,485
LK-6178135,1195,567,628
LK-6178140,818,388,430
LK-6178145,1335,657,678
LK-6178150,1487,728,759
LK-6178155,1334,634,700
LK-6178160,1237,592,645
LK-6178165,1841,888,953
LK-6178170,1058,495,563
LK-6178175,913,422,491
LK-6178180,1544,734,810
LK-6178185,1326,623,703
LK-6178190,1902,939,963
LK-6178195,1837,881,956
LK-6178200,1043,507,536
LK-6178205,1731,803,928
LK-6178210,974,467,507
LK-6178215,1023,492,531
LK-6178220,1368,681,687
LK-6178225,2114,1011,1103
LK-6178230,801,376,425
LK-6178235,679,316,363
LK-6178240,858,401,457
LK-6178245,1124,514,610
LK-6178250,1643,804,839
LK-6178255,2920,1375,1545
LK-6178260,2094,961,1133
LK-6178265,2414,1174,1240
LK-6178270,777,369,408
LK-6178275,2360,1130,1230
LK-6178280,1242,577,665
LK-6178285,981,481,500
LK-6178290,1468,675,793
LK-6178295,1089,527,562
LK-6178300,939,476,463
LK-6178305,1396,652,744
LK-6178310,2069,998,1071
LK-6178315,1676,804,872
LK-6178320,1791,837,954
LK-6178325,1738,852,886
LK-6178330,2352,1121,1231
LK-6178335,1956,920,1036
LK-6178340,1142,539,603
LK-6178345,2035,978,1057
LK-6178350,1403,728,675
LK-6178355,1685,794,891
LK-6178360,1106,523,583
LK-6178365,1937,918,1019
LK-6178370,1509,741,768
LK-6178375,2020,956,1064
LK-6178380,2223,1047,1176
LK-6178385,2022,961,1061
LK-6178390,997,463,534
LK-6178395,1096,559,537
LK-6178400,1567,761,806
LK-6178405,1012,492,520
LK-6178410,1590,795,795
LK-6178415,1164,598,566
LK-6178420,1499,717,782
LK-6178425,1708,813,895
LK-6178430,1236,587,649
LK-6178435,1241,580,661
LK-6181,56279,26973,29306
LK-6181005,1485,660,825
LK-6181010,2002,991,1011
LK-6181015,1481,703,778
LK-6181020,504,249,255
LK-6181025,788,384,404
LK-6181030,970,451,519
LK-6181035,804,359,445
LK-6181040,759,368,391
LK-6181045,1547,751,796
LK-6181050,1171,570,601
LK-6181055,1189,555,634
LK-6181060,851,405,446
LK-6181065,1006,460,546
LK-6181070,2044,991,1053
LK-6181075,898,433,465
LK-6181080,568,283,285
LK-6181085,547,257,290
LK-6181090,821,393,428
LK-6181095,698,331,367
LK-6181100,2505,1244,1261
LK-6181105,619,302,317
LK-6181110,879,418,461
LK-6181115,938,470,468
LK-6181120,1207,571,636
LK-6181125,854,404,450
LK-6181130,579,279,300
LK-6181135,479,222,257
LK-6181140,825,423,402
LK-6181145,757,376,381
LK-6181150,555,286,269
LK-6181155,898,450,448
LK-6181160,2097,988,1109
LK-6181165,674,322,352
LK-6181170,651,313,338
LK-6181175,1236,608,628
LK-6181180,981,446,535
LK-6181185,1006,455,551
LK-6181190,1059,486,573
LK-6181195,1080,527,553
LK-6181200,888,442,446
LK-6181205,817,377,440
LK-6181210,1992,969,1023
LK-6181215,650,318,332
LK-6181220,955,464,491
LK-6181225,1641,771,870
LK-6181230,1703,800,903
LK-6181235,1055,523,532
LK-6181240,789,387,402
LK-6181245,1292,628,664
LK-6181250,725,337,388
LK-6181255,920,424,496
LK-6181260,643,294,349
LK-6181265,1332,622,710
LK-6181270,865,433,432
LK-6184,63667,30951,32716
LK-6184005,771,373,398
LK-6184010,607,302,305
LK-6184015,809,383,426
LK-6184020,1007,493,514
LK-6184025,710,336,374
LK-6184030,1030,486,544
LK-6184035,751,381,370
LK-6184040,874,418,456
LK-6184045,703,351,352
LK-6184050,616,295,321
LK-6184055,869,418,451
LK-6184060,933,445,488
LK-6184065,733,345,388
LK-6184070,793,375,418
LK-6184075,940,456,484
LK-6184080,789,392,397
LK-6184085,732,381,351
LK-6184090,898,441,457
LK-6184095,704,324,380
LK-6184100,1599,854,745
LK-6184105,831,423,408
LK-6184110,1058,504,554
LK-6184115,526,253,273
LK-6184120,613,309,304
LK-6184125,1494,754,740
LK-6184130,776,390,386
LK-6184135,1033,507,526
LK-6184140,792,402,390
LK-6184145,771,377,394
LK-6184150,759,356,403
LK-6184155,1059,497,562
LK-6184160,759,370,389
LK-6184165,1040,529,511
LK-6184170,663,336,327
LK-6184175,1831,928,903
LK-6184180,1259,608,651
LK-6184185,973,467,506
LK-6184190,1009,497,512
LK-6184195,2064,1037,1027
LK-6184200,1978,956,1022
LK-6184205,610,297,313
LK-6184210,1227,574,653
LK-6184215,1736,794,942
LK-6184220,572,280,292
LK-6184225,1415,651,764
LK-6184230,896,432,464
LK-6184235,681,309,372
LK-6184240,828,383,445
LK-6184245,610,302,308
LK-6184250,666,328,338
LK-6184255,826,381,445
LK-6184260,1249,575,674
LK-6184265,1400,672,728
LK-6184270,1837,915,922
LK-6184275,1526,731,795
LK-6184280,821,391,430
LK-6184285,1204,586,618
LK-6184290,610,305,305
LK-6184295,705,346,359
LK-6184300,987,481,506
LK-6184305,872,418,454
LK-6184310,727,367,360
LK-6184315,709,365,344
LK-6184320,891,427,464
LK-6184325,1162,549,613
LK-6184330,744,343,401
LK-6187,65156,31245,33911
LK-6187005,876,443,433
LK-6187010,937,457,480
LK-6187015,763,358,405
LK-6187020,782,375,407
LK-6187025,1302,617,685
LK-6187030,604,276,328
LK-6187035,533,266,267
LK-6187040,572,271,301
LK-6187045,280,136,144
LK-6187050,758,374,384
LK-6187055,393,197,196
LK-6187060,696,341,355
LK-6187065,564,279,285
LK-6187070,416,192,224
LK-6187075,511,232,279
LK-6187080,429,203,226
LK-6187085,348,176,172
LK-6187090,434,212,222
LK-6187095,542,256,286
LK-6187100,541,243,298
LK-6187105,618,289,329
LK-6187110,682,303,379
LK-6187115,1236,594,642
LK-6187120,863,409,454
LK-6187125,400,185,215
LK-6187130,570,254,316
LK-6187135,426,207,219
LK-6187140,502,235,267
LK-6187145,662,302,360
LK-6187150,971,460,511
LK-6187155,774,378,396
LK-6187160,655,321,334
LK-6187165,352,178,174
LK-6187170,630,287,343
LK-6187175,400,194,206
LK-6187180,1392,673,719
LK-6187185,723,341,382
LK-6187190,667,321,346
LK-6187195,375,181,194
LK-6187200,372,173,199
LK-6187205,337,165,172
LK-6187210,302,143,159
LK-6187215,1013,491,522
LK-6187220,599,280,319
LK-6187225,631,317,314
LK-6187230,727,335,392
LK-6187235,627,287,340
LK-6187240,611,308,303
LK-6187245,1935,894,1041
LK-6187250,459,225,234
LK-6187255,876,418,458
LK-6187260,542,259,283
LK-6187265,1127,576,551
LK-6187270,519,250,269
LK-6187275,418,209,209
LK-6187280,837,408,429
LK-6187285,724,363,361
LK-6187290,1347,687,660
LK-6187295,994,457,537
LK-6187300,786,386,400
LK-6187305,655,307,348
LK-6187310,822,405,417
LK-6187315,524,259,265
LK-6187320,411,199,212
LK-6187325,1151,567,584
LK-6187330,638,286,352
LK-6187335,875,417,458
LK-6187340,674,329,345
LK-6187345,1084,501,583
LK-6187350,928,441,487
LK-6187355,891,425,466
LK-6187360,1082,530,552
LK-6187365,751,366,385
LK-6187370,1032,510,522
LK-6187375,1207,596,611
LK-6187380,1406,691,715
LK-6187385,902,424,478
LK-6187390,573,288,285
LK-6187395,1052,492,560
LK-6187400,1644,781,863
LK-6187405,1157,549,608
LK-6187410,1209,546,663
LK-6187415,978,472,506
LK-6187420,2548,1217,1331
LK-62,762396,368971,393425
LK-6203,86405,43244,43161
LK-6203005,1259,685,574
LK-6203010,1207,827,380
LK-6203015,3482,1704,1778
LK-6203020,1065,523,542
LK-6203025,2263,1139,1124
LK-6203030,6217,3023,3194
LK-6203035,1085,546,539
LK-6203040,2063,1035,1028
LK-6203045,619,314,305
LK-6203050,2120,1052,1068
LK-6203055,2204,1069,1135
LK-6203060,4548,2186,2362
LK-6203065,3897,1856,2041
LK-6203070,1963,950,1013
LK-6203075,4003,1879,2124
LK-6203080,1738,837,901
LK-6203085,1091,548,543
LK-6203090,2464,1216,1248
LK-6203095,2503,1231,1272
LK-6203100,3267,1637,1630
LK-6203105,1168,533,635
LK-6203110,6608,3164,3444
LK-6203115,7029,3530,3499
LK-6203120,2534,1242,1292
LK-6203125,2507,1709,798
LK-6203130,2815,1411,1404
LK-6203135,1884,953,931
LK-6203140,2033,1028,1005
LK-6203145,1010,503,507
LK-6203150,2056,1099,957
LK-6203155,7703,3815,3888
LK-6206,17460,8631,8829
LK-6206005,113,75,38
LK-6206010,805,422,383
LK-6206015,234,127,107
LK-6206020,770,393,377
LK-6206025,1368,689,679
LK-6206030,2409,1145,1264
LK-6206035,956,465,491
LK-6206040,1014,496,518
LK-6206045,980,475,505
LK-6206050,865,471,394
LK-6206055,1248,614,634
LK-6206060,722,346,376
LK-6206065,805,408,397
LK-6206070,455,230,225
LK-6206075,889,427,462
LK-6206080,2900,1403,1497
LK-6206085,927,445,482
LK-6209,23440,11770,11670
LK-6209005,917,505,412
LK-6209010,848,428,420
LK-6209015,2166,1097,1069
LK-6209020,518,249,269
LK-6209025,733,371,362
LK-6209030,572,293,279
LK-6209035,1168,571,597
LK-6209040,773,408,365
LK-6209045,732,335,397
LK-6209050,731,345,386
LK-6209055,1554,786,768
LK-6209060,1592,814,778
LK-6209065,663,338,325
LK-6209070,633,302,331
LK-6209075,708,354,354
LK-6209080,584,285,299
LK-6209085,546,268,278
LK-6209090,677,337,340
LK-6209095,1745,842,903
LK-6209100,506,238,268
LK-6209105,880,451,429
LK-6209110,687,329,358
LK-6209115,1363,741,622
LK-6209120,471,241,230
LK-6209125,875,434,441
LK-6209130,798,408,390
LK-6212,14483,7131,7352
LK-6212005,1062,533,529
LK-6212010,584,305,279
LK-6212015,548,260,288
LK-6212020,1392,688,704
LK-6212025,898,450,448
LK-6212030,736,328,408
LK-6212035,551,267,284
LK-6212040,319,154,165
LK-6212045,618,299,319
LK-6212050,575,292,283
LK-6212055,560,273,287
LK-6212060,753,368,385
LK-6212065,883,431,452
LK-6212070,883,446,437
LK-6212075,340,180,160
LK-6212080,906,426,480
LK-6212085,1048,531,517
LK-6212090,951,466,485
LK-6212095,876,434,442
LK-6215,82443,39785,42658
LK-6215005,7576,3674,3902
LK-6215010,2099,1018,1081
LK-6215015,809,399,410
LK-6215020,1092,536,556
LK-6215025,3525,1694,1831
LK-6215030,3654,1821,1833
LK-6215035,6751,3244,3507
LK-6215040,14017,6740,7277
LK-6215045,3929,1891,2038
LK-6215050,10175,4928,5247
LK-6215055,3166,1565,1601
LK-6215060,1573,737,836
LK-6215065,1749,854,895
LK-6215070,626,327,299
LK-6215075,6774,3132,3642
LK-6215080,968,479,489
LK-6215085,1454,742,712
LK-6215090,850,404,446
LK-6215095,1104,589,515
LK-6215100,3410,1668,1742
LK-6215105,5307,2441,2866
LK-6215110,1835,902,933
LK-6218,61638,29525,32113
LK-6218005,2466,1152,1314
LK-6218010,3232,1583,1649
LK-6218015,3937,1845,2092
LK-6218020,2260,1112,1148
LK-6218025,2886,1439,1447
LK-6218030,1944,891,1053
LK-6218035,2028,978,1050
LK-6218040,1641,766,875
LK-6218045,2498,1199,1299
LK-6218050,2644,1340,1304
LK-6218055,1458,709,749
LK-6218060,1708,785,923
LK-6218065,1361,660,701
LK-6218070,1182,555,627
LK-6218075,1937,932,1005
LK-6218080,1363,642,721
LK-6218085,2011,975,1036
LK-6218090,1242,634,608
LK-6218095,628,299,329
LK-6218100,951,475,476
LK-6218105,1152,551,601
LK-6218110,2107,1009,1098
LK-6218115,1364,666,698
LK-6218120,1510,742,768
LK-6218125,2621,1225,1396
LK-6218130,1087,460,627
LK-6218135,3011,1446,1565
LK-6218140,4716,2238,2478
LK-6218145,1426,661,765
LK-6218150,2335,1108,1227
LK-6218155,932,448,484
LK-6221,18633,8975,9658
LK-6221005,901,432,469
LK-6221010,740,359,381
LK-6221015,1006,479,527
LK-6221020,1280,624,656
LK-6221025,931,451,480
LK-6221030,512,248,264
LK-6221035,486,249,237
LK-6221040,637,314,323
LK-6221045,620,303,317
LK-6221050,450,213,237
LK-6221055,609,278,331
LK-6221060,617,314,303
LK-6221065,378,174,204
LK-6221070,987,470,517
LK-6221075,642,316,326
LK-6221080,583,283,300
LK-6221085,880,425,455
LK-6221090,531,261,270
LK-6221095,891,437,454
LK-6221100,800,385,415
LK-6221105,609,276,333
LK-6221110,883,426,457
LK-6221115,593,288,305
LK-6221120,796,379,417
LK-6221125,1271,591,680
LK-6224,38286,18682,19604
LK-6224005,1276,627,649
LK-6224010,930,456,474
LK-6224015,884,449,435
LK-6224020,1341,679,662
LK-6224025,964,462,502
LK-6224030,1230,613,617
LK-6224035,1000,491,509
LK-6224040,645,299,346
LK-6224045,988,479,509
LK-6224050,1098,511,587
LK-6224055,1341,635,706
LK-6224060,1237,593,644
LK-6224065,819,404,415
LK-6224070,450,219,231
LK-6224075,514,251,263
LK-6224080,1163,561,602
LK-6224085,909,466,443
LK-6224090,1374,676,698
LK-6224095,1031,523,508
LK-6224100,745,356,389
LK-6224105,1250,615,635
LK-6224110,1243,624,619
LK-6224115,1825,865,960
LK-6224120,1046,524,522
LK-6224125,831,412,419
LK-6224130,515,249,266
LK-6224135,1276,589,687
LK-6224140,1816,914,902
LK-6224145,1328,646,682
LK-6224150,1070,530,540
LK-6224155,1047,490,557
LK-6224160,1186,573,613
LK-6224165,1020,483,537
LK-6224170,1336,665,671
LK-6224175,1558,753,805
LK-6227,24441,11857,12584
LK-6227005,1742,807,935
LK-6227010,1498,734,764
LK-6227015,793,396,397
LK-6227020,1065,559,506
LK-6227025,1090,528,562
LK-6227030,1514,707,807
LK-6227035,1519,749,770
LK-6227040,1440,679,761
LK-6227045,813,391,422
LK-6227050,1271,640,631
LK-6227055,1689,849,840
LK-6227060,1894,866,1028
LK-6227065,2437,1188,1249
LK-6227070,888,435,453
LK-6227075,1887,911,976
LK-6227080,984,470,514
LK-6227085,735,369,366
LK-6227090,1182,579,603
LK-6230,40999,19723,21276
LK-6230005,1393,658,735
LK-6230010,907,416,491
LK-6230015,1540,713,827
LK-6230020,2181,1005,1176
LK-6230025,608,293,315
LK-6230030,577,273,304
LK-6230035,959,471,488
LK-6230040,865,398,467
LK-6230045,2024,977,1047
LK-6230050,775,358,417
LK-6230055,782,373,409
LK-6230060,677,331,346
LK-6230065,1031,487,544
LK-6230070,682,330,352
LK-6230075,2401,1171,1230
LK-6230080,903,446,457
LK-6230085,1186,552,634
LK-6230090,1518,757,761
LK-6230095,957,458,499
LK-6230100,1657,824,833
LK-6230105,764,370,394
LK-6230110,658,324,334
LK-6230115,1359,660,699
LK-6230120,1511,718,793
LK-6230125,1074,515,559
LK-6230130,2122,1055,1067
LK-6230135,867,407,460
LK-6230140,1280,621,659
LK-6230145,1103,544,559
LK-6230150,2556,1248,1308
LK-6230155,1110,517,593
LK-6230160,1839,882,957
LK-6230165,1133,571,562
LK-6233,62515,29918,32597
LK-6233005,1022,509,513
LK-6233010,3062,1516,1546
LK-6233015,759,368,391
LK-6233020,409,201,208
LK-6233025,664,329,335
LK-6233030,761,369,392
LK-6233035,750,375,375
LK-6233040,775,376,399
LK-6233045,539,272,267
LK-6233050,492,231,261
LK-6233055,455,209,246
LK-6233060,1080,517,563
LK-6233065,2441,1238,1203
LK-6233070,3310,1597,1713
LK-6233075,2194,1060,1134
LK-6233080,1205,616,589
LK-6233085,1011,463,548
LK-6233090,1582,726,856
LK-6233095,1350,610,740
LK-6233100,3481,1556,1925
LK-6233105,1130,545,585
LK-6233110,2027,972,1055
LK-6233115,1263,621,642
LK-6233120,1596,754,842
LK-6233125,812,377,435
LK-6233130,820,390,430
LK-6233135,1035,501,534
LK-6233140,1002,488,514
LK-6233145,606,291,315
LK-6233150,1152,547,605
LK-6233155,600,297,303
LK-6233160,687,327,360
LK-6233165,604,284,320
LK-6233170,1080,508,572
LK-6233175,2083,1017,1066
LK-6233180,3668,1714,1954
LK-6233185,1073,525,548
LK-6233190,1473,671,802
LK-6233195,1162,544,618
LK-6233200,1483,711,772
LK-6233205,2732,1346,1386
LK-6233210,1362,668,694
LK-6233215,932,427,505
LK-6233220,803,375,428
LK-6233225,466,218,248
LK-6233230,700,332,368
LK-6233235,748,348,400
LK-6233240,1285,629,656
LK-6233245,789,353,436
LK-6236,47920,23261,24659
LK-6236005,944,482,462
LK-6236010,1048,490,558
LK-6236015,856,427,429
LK-6236020,566,274,292
LK-6236025,578,285,293
LK-6236030,1670,789,881
LK-6236035,719,358,361
LK-6236040,704,360,344
LK-6236045,445,215,230
LK-6236050,939,463,476
LK-6236055,912,433,479
LK-6236060,574,282,292
LK-6236065,536,251,285
LK-6236070,647,322,325
LK-6236075,785,377,408
LK-6236080,991,469,522
LK-6236085,449,217,232
LK-6236090,1120,547,573
LK-6236095,764,353,411
LK-6236100,982,471,511
LK-6236105,446,222,224
LK-6236110,1257,620,637
LK-6236115,840,407,433
LK-6236120,1397,661,736
LK-6236125,611,298,313
LK-6236130,512,262,250
LK-6236135,1109,521,588
LK-6236140,879,425,454
LK-6236145,1112,553,559
LK-6236150,1193,586,607
LK-6236155,1452,681,771
LK-6236160,2377,1077,1300
LK-6236165,807,381,426
LK-6236170,678,316,362
LK-6236175,439,198,241
LK-6236180,731,346,385
LK-6236185,1095,505,590
LK-6236190,3073,1571,1502
LK-6236195,1741,870,871
LK-6236200,1001,481,520
LK-6236205,1533,742,791
LK-6236210,1127,550,577
LK-6236215,1206,576,630
LK-6236220,968,498,470
LK-6236225,1056,478,578
LK-6236230,412,185,227
LK-6236235,610,301,309
LK-6236240,1331,755,576
LK-6236245,698,330,368
LK-6239,51078,24471,26607
LK-6239005,3700,1825,1875
LK-6239010,1057,487,570
LK-6239015,3014,1459,1555
LK-6239020,2010,961,1049
LK-6239025,1354,649,705
LK-6239030,1095,491,604
LK-6239035,569,254,315
LK-6239040,672,300,372
LK-6239045,855,416,439
LK-6239050,416,204,212
LK-6239055,820,400,420
LK-6239060,680,326,354
LK-6239065,715,343,372
LK-6239070,730,361,369
LK-6239075,545,270,275
LK-6239080,1041,497,544
LK-6239085,974,467,507
LK-6239090,557,266,291
LK-6239095,834,396,438
LK-6239100,688,310,378
LK-6239105,741,359,382
LK-6239110,1501,727,774
LK-6239115,1414,704,710
LK-6239120,2256,1070,1186
LK-6239125,645,290,355
LK-6239130,893,444,449
LK-6239135,1012,476,536
LK-6239140,535,266,269
LK-6239145,1885,909,976
LK-6239150,733,353,380
LK-6239155,649,291,358
LK-6239160,839,397,442
LK-6239165,1410,663,747
LK-6239170,855,407,448
LK-6239175,757,355,402
LK-6239180,1535,727,808
LK-6239185,537,267,270
LK-6239190,1032,487,545
LK-6239195,456,229,227
LK-6239200,1317,640,677
LK-6239205,1767,882,885
LK-6239210,1109,548,561
LK-6239215,1129,514,615
LK-6239220,1129,591,538
LK-6239225,761,298,463
LK-6239230,1108,531,577
LK-6239235,747,364,383
LK-6242,62145,29550,32595
LK-6242005,1313,648,665
LK-6242010,1162,568,594
LK-6242015,694,331,363
LK-6242020,2336,1152,1184
LK-6242025,3185,1516,1669
LK-6242030,1417,658,759
LK-6242035,1573,748,825
LK-6242040,957,478,479
LK-6242045,1462,689,773
LK-6242050,1497,708,789
LK-6242055,1882,918,964
LK-6242060,1851,880,971
LK-6242065,2177,977,1200
LK-6242070,3099,1445,1654
LK-6242075,3030,1457,1573
LK-6242080,544,246,298
LK-6242085,1256,617,639
LK-6242090,1755,827,928
LK-6242095,869,428,441
LK-6242100,1073,524,549
LK-6242105,665,312,353
LK-6242110,479,217,262
LK-6242115,503,235,268
LK-6242120,1177,565,612
LK-6242125,652,313,339
LK-6242130,632,311,321
LK-6242135,809,375,434
LK-6242140,763,378,385
LK-6242145,809,387,422
LK-6242150,1178,561,617
LK-6242155,2279,1099,1180
LK-6242160,1091,531,560
LK-6242165,2141,1026,1115
LK-6242170,884,425,459
LK-6242175,1709,830,879
LK-6242180,407,193,214
LK-6242185,1622,762,860
LK-6242190,1153,532,621
LK-6242195,1518,713,805
LK-6242200,1487,689,798
LK-6242205,1174,545,629
LK-6242210,1417,640,777
LK-6242215,1186,561,625
LK-6242220,815,355,460
LK-6242225,993,472,521
LK-6242230,803,406,397
LK-6242235,667,302,365
LK-6245,68111,32209,35902
LK-6245005,1452,675,777
LK-6245010,1036,457,579
LK-6245015,1142,539,603
LK-6245020,1067,514,553
LK-6245025,1965,930,1035
LK-6245030,1724,854,870
LK-6245035,5051,2542,2509
LK-6245040,1268,612,656
LK-6245045,1637,749,888
LK-6245050,774,365,409
LK-6245055,859,408,451
LK-6245060,1373,651,722
LK-6245065,1445,645,800
LK-6245070,1763,798,965
LK-6245075,1684,740,944
LK-6245080,1159,502,657
LK-6245085,1213,551,662
LK-6245090,1458,672,786
LK-6245095,1314,636,678
LK-6245100,1483,665,818
LK-6245105,1321,613,708
LK-6245110,1786,831,955
LK-6245115,1409,684,725
LK-6245120,1273,620,653
LK-6245125,1382,663,719
LK-6245130,863,403,460
LK-6245135,2366,1147,1219
LK-6245140,993,486,507
LK-6245145,854,386,468
LK-6245150,1339,633,706
LK-6245155,1661,761,900
LK-6245160,911,413,498
LK-6245165,809,373,436
LK-6245170,993,463,530
LK-6245175,1489,703,786
LK-6245180,875,407,468
LK-6245185,1226,576,650
LK-6245190,1030,459,571
LK-6245195,623,294,329
LK-6245200,882,431,451
LK-6245205,941,459,482
LK-6245210,832,376,456
LK-6245215,1303,623,680
LK-6245220,836,376,460
LK-6245225,1274,607,667
LK-6245230,1353,706,647
LK-6245235,1158,548,610
LK-6245240,1154,560,594
LK-6245245,1275,592,683
LK-6245250,1007,490,517
LK-6245255,1016,521,495
LK-6245260,1010,500,510
LK-6248,62399,30239,32160
LK-6248005,1357,680,677
LK-6248010,927,423,504
LK-6248015,1101,527,574
LK-6248020,705,337,368
LK-6248025,2021,1022,999
LK-6248030,972,470,502
LK-6248035,2097,996,1101
LK-6248040,1565,753,812
LK-6248045,1366,658,708
LK-6248050,1505,729,776
LK-6248055,1136,531,605
LK-6248060,894,442,452
LK-6248065,1026,507,519
LK-6248070,1288,589,699
LK-6248075,2206,1057,1149
LK-6248080,927,473,454
LK-6248085,1906,936,970
LK-6248090,2121,989,1132
LK-6248095,2965,1467,1498
LK-6248100,1754,883,871
LK-6248105,1322,662,660
LK-6248110,660,291,369
LK-6248115,936,454,482
LK-6248120,564,269,295
LK-6248125,1373,691,682
LK-6248130,706,336,370
LK-6248135,896,425,471
LK-6248140,1200,577,623
LK-6248145,1226,588,638
LK-6248150,924,444,480
LK-6248155,1208,603,605
LK-6248160,1035,489,546
LK-6248165,1153,582,571
LK-6248170,1471,730,741
LK-6248175,1281,615,666
LK-6248180,1391,655,736
LK-6248185,1712,819,893
LK-6248190,659,314,345
LK-6248195,1669,778,891
LK-6248200,1725,831,894
LK-6248205,2437,1192,1245
LK-6248210,1848,895,953
LK-6248215,570,281,289
LK-6248220,1846,915,931
LK-6248225,712,359,353
LK-6248230,865,414,451
LK-6248235,1171,561,610
LK-7,1266663,620880,645783
LK-71,860575,420100,440475
LK-7103,22998,11353,11645
LK-7103005,1342,713,629
LK-7103010,1761,842,919
LK-7103015,1779,819,960
LK-7103020,1451,699,752
LK-7103025,2271,1107,1164
LK-7103030,1944,950,994
LK-7103035,1184,609,575
LK-7103040,2159,1055,1104
LK-7103045,940,469,471
LK-7103050,1244,614,630
LK-7103055,167,86,81
LK-7103060,1544,770,774
LK-7103065,1107,530,577
LK-7103070,1985,968,1017
LK-7103075,2120,1122,998
LK-7106,22325,11098,11227
LK-7106005,1001,513,488
LK-7106010,845,438,407
LK-7106015,400,200,200
LK-7106020,737,362,375
LK-7106025,329,157,172
LK-7106030,267,139,128
LK-7106035,812,396,416
LK-7106040,774,378,396
LK-7106045,622,309,313
LK-7106050,544,255,289
LK-7106055,631,330,301
LK-7106060,967,461,506
LK-7106065,955,483,472
LK-7106070,1565,787,778
LK-7106075,586,291,295
LK-7106080,629,305,324
LK-7106085,1159,580,579
LK-7106090,2183,1119,1064
LK-7106095,924,472,452
LK-7106100,1157,554,603
LK-7106105,532,253,279
LK-7106110,1530,755,775
LK-7106115,677,333,344
LK-7106120,793,387,406
LK-7106125,638,307,331
LK-7106130,1068,534,534
LK-7109,46906,22583,24323
LK-7109005,1638,761,877
LK-7109010,1326,641,685
LK-7109015,1249,608,641
LK-7109020,1323,652,671
LK-7109025,1408,657,751
LK-7109030,1714,814,900
LK-7109035,1017,469,548
LK-7109040,674,328,346
LK-7109045,1557,737,820
LK-7109050,1484,688,796
LK-7109055,970,479,491
LK-7109060,1275,621,654
LK-7109065,1473,699,774
LK-7109070,1471,719,752
LK-7109075,916,419,497
LK-7109080,783,373,410
LK-7109085,1283,601,682
LK-7109090,753,354,399
LK-7109095,861,419,442
LK-7109100,1064,483,581
LK-7109105,1252,608,644
LK-7109110,905,423,482
LK-7109115,1179,572,607
LK-7109120,1252,602,650
LK-7109125,1651,803,848
LK-7109130,1586,789,797
LK-7109135,1491,743,748
LK-7109140,1186,572,614
LK-7109145,879,389,490
LK-7109150,2263,1120,1143
LK-7109155,2330,1233,1097
LK-7109160,1526,747,779
LK-7109165,886,431,455
LK-7109170,966,463,503
LK-7109175,1725,819,906
LK-7109180,751,360,391
LK-7109185,839,387,452
LK-7112,22467,11177,11290
LK-7112005,1221,621,600
LK-7112010,1239,660,579
LK-7112015,1684,847,837
LK-7112020,1465,771,694
LK-7112025,1103,549,554
LK-7112030,1245,599,646
LK-7112035,1489,724,765
LK-7112040,1171,588,583
LK-7112045,1680,815,865
LK-7112050,1188,564,624
LK-7112055,1212,566,646
LK-7112060,1505,779,726
LK-7112065,1091,554,537
LK-7112070,1665,837,828
LK-7112075,1680,805,875
LK-7112080,803,401,402
LK-7112085,1026,497,529
LK-7115,61223,30296,30927
LK-7115005,618,316,302
LK-7115010,1063,510,553
LK-7115015,1350,657,693
LK-7115020,1555,785,770
LK-7115025,1319,667,652
LK-7115030,1023,521,502
LK-7115035,1140,585,555
LK-7115040,1166,567,599
LK-7115045,655,313,342
LK-7115050,1331,648,683
LK-7115055,1183,570,613
LK-7115060,1651,766,885
LK-7115065,1144,559,585
LK-7115070,1536,763,773
LK-7115075,2271,1122,1149
LK-7115080,1051,540,511
LK-7115085,1216,593,623
LK-7115090,1299,631,668
LK-7115095,1439,703,736
LK-7115100,1567,783,784
LK-7115105,1234,615,619
LK-7115110,1161,587,574
LK-7115115,1061,505,556
LK-7115120,1813,899,914
LK-7115125,6063,2929,3134
LK-7115130,1967,963,1004
LK-7115135,1877,890,987
LK-7115140,1711,905,806
LK-7115145,2672,1274,1398
LK-7115150,2302,1144,1158
LK-7115155,1122,561,561
LK-7115160,1895,898,997
LK-7115165,727,419,308
LK-7115170,121,66,55
LK-7115175,1208,667,541
LK-7115180,1525,732,793
LK-7115185,2481,1261,1220
LK-7115190,1386,713,673
LK-7115195,1651,838,813
LK-7115200,1669,831,838
LK-7118,36782,17887,18895
LK-7118005,1067,501,566
LK-7118010,1186,587,599
LK-7118015,1290,627,663
LK-7118020,665,333,332
LK-7118025,851,402,449
LK-7118030,1069,530,539
LK-7118035,1076,512,564
LK-7118040,793,381,412
LK-7118045,1062,501,561
LK-7118050,1241,617,624
LK-7118055,706,351,355
LK-7118060,1056,518,538
LK-7118065,446,189,257
LK-7118070,660,317,343
LK-7118075,524,254,270
LK-7118080,1024,481,543
LK-7118085,553,266,287
LK-7118090,696,327,369
LK-7118095,597,269,328
LK-7118100,790,405,385
LK-7118105,1091,542,549
LK-7118110,4018,1989,2029
LK-7118115,926,435,491
LK-7118120,676,306,370
LK-7118125,1265,597,668
LK-7118130,1175,554,621
LK-7118135,855,414,441
LK-7118140,1091,536,555
LK-7118145,931,459,472
LK-7118150,1568,803,765
LK-7118155,843,416,427
LK-7118160,853,427,426
LK-7118165,456,215,241
LK-7118170,817,378,439
LK-7118175,544,276,268
LK-7118180,693,339,354
LK-7118185,702,367,335
LK-7118190,926,466,460
LK-7121,40339,19398,20941
LK-7121005,808,389,419
LK-7121010,865,435,430
LK-7121015,1283,596,687
LK-7121020,803,374,429
LK-7121025,587,253,334
LK-7121030,787,361,426
LK-7121035,1039,531,508
LK-7121040,1081,525,556
LK-7121045,708,340,368
LK-7121050,1054,482,572
LK-7121055,840,396,444
LK-7121060,885,470,415
LK-7121065,763,352,411
LK-7121070,1388,669,719
LK-7121075,876,441,435
LK-7121080,1363,665,698
LK-7121085,1746,886,860
LK-7121090,2204,1084,1120
LK-7121095,1146,550,596
LK-7121100,652,299,353
LK-7121105,697,337,360
LK-7121110,1379,661,718
LK-7121115,1388,633,755
LK-7121120,1192,557,635
LK-7121125,1692,792,900
LK-7121130,933,444,489
LK-7121135,1240,580,660
LK-7121140,868,432,436
LK-7121145,627,319,308
LK-7121150,849,391,458
LK-7121155,430,218,212
LK-7121160,648,320,328
LK-7121165,837,424,413
LK-7121170,1202,595,607
LK-7121175,1191,566,625
LK-7121180,952,465,487
LK-7121185,671,322,349
LK-7121190,873,411,462
LK-7121195,1103,515,588
LK-7121200,689,318,371
LK-7124,36990,18251,18739
LK-7124005,1240,610,630
LK-7124010,1011,524,487
LK-7124015,875,427,448
LK-7124020,638,324,314
LK-7124025,1080,529,551
LK-7124030,1428,691,737
LK-7124035,1008,497,511
LK-7124040,611,317,294
LK-7124045,1067,518,549
LK-7124050,951,496,455
LK-7124055,436,204,232
LK-7124060,1059,517,542
LK-7124065,1120,518,602
LK-7124070,903,437,466
LK-7124075,1330,696,634
LK-7124080,1065,504,561
LK-7124085,856,441,415
LK-7124090,319,169,150
LK-7124095,1630,787,843
LK-7124100,1886,1037,849
LK-7124105,750,385,365
LK-7124110,1427,722,705
LK-7124115,1095,515,580
LK-7124120,565,267,298
LK-7124125,1174,582,592
LK-7124130,727,362,365
LK-7124135,1779,892,887
LK-7124140,832,412,420
LK-7124145,831,395,436
LK-7124150,977,465,512
LK-7124155,978,485,493
LK-7124160,1080,547,533
LK-7124165,560,237,323
LK-7124170,671,322,349
LK-7124175,834,377,457
LK-7124180,834,364,470
LK-7124185,622,311,311
LK-7124190,741,368,373
LK-7127,46992,23019,23973
LK-7127005,620,316,304
LK-7127010,1784,869,915
LK-7127015,974,483,491
LK-7127020,898,470,428
LK-7127025,1097,522,575
LK-7127030,1732,877,855
LK-7127035,1333,660,673
LK-7127040,674,327,347
LK-7127045,799,392,407
LK-7127050,1002,486,516
LK-7127055,1338,648,690
LK-7127060,884,415,469
LK-7127065,780,392,388
LK-7127070,532,247,285
LK-7127075,1949,1098,851
LK-7127080,1599,777,822
LK-7127085,1091,523,568
LK-7127090,1058,522,536
LK-7127095,1812,871,941
LK-7127100,1281,607,674
LK-7127105,1819,892,927
LK-7127110,1043,491,552
LK-7127115,412,213,199
LK-7127120,929,456,473
LK-7127125,824,410,414
LK-7127130,1148,531,617
LK-7127135,1514,731,783
LK-7127140,2145,1045,1100
LK-7127145,1413,668,745
LK-7127150,772,379,393
LK-7127155,931,436,495
LK-7127160,1074,513,561
LK-7127165,1489,727,762
LK-7127170,880,438,442
LK-7127175,1345,660,685
LK-7127180,793,353,440
LK-7127185,459,215,244
LK-7127190,1096,540,556
LK-7127195,2044,1007,1037
LK-7127200,1121,551,570
LK-7127205,504,261,243
LK-7130,35293,16702,18591
LK-7130005,1147,544,603
LK-7130010,816,389,427
LK-7130015,1074,496,578
LK-7130020,1030,487,543
LK-7130025,1373,676,697
LK-7130030,810,413,397
LK-7130035,2850,1381,1469
LK-7130040,2126,1006,1120
LK-7130045,1468,701,767
LK-7130050,1736,824,912
LK-7130055,1553,709,844
LK-7130060,4263,1800,2463
LK-7130065,2164,1042,1122
LK-7130070,1272,604,668
LK-7130075,1181,580,601
LK-7130080,1453,702,751
LK-7130085,1270,610,660
LK-7130090,703,351,352
LK-7130095,1077,509,568
LK-7130100,1362,626,736
LK-7130105,654,324,330
LK-7130110,651,325,326
LK-7130115,828,402,426
LK-7130120,1298,631,667
LK-7130125,1134,570,564
LK-7133,69737,33995,35742
LK-7133005,1894,952,942
LK-7133010,1859,957,902
LK-7133015,1790,883,907
LK-7133020,1246,635,611
LK-7133025,1360,653,707
LK-7133030,1639,806,833
LK-7133035,1767,858,909
LK-7133040,1619,784,835
LK-7133045,1681,835,846
LK-7133050,4379,2124,2255
LK-7133055,2517,1261,1256
LK-7133060,2653,1218,1435
LK-7133065,4560,2674,1886
LK-7133070,2838,1375,1463
LK-7133075,4814,2316,2498
LK-7133080,4726,2079,2647
LK-7133085,3082,1464,1618
LK-7133090,1719,837,882
LK-7133095,2001,910,1091
LK-7133100,1785,825,960
LK-7133105,1661,763,898
LK-7133110,1942,965,977
LK-7133115,2546,1222,1324
LK-7133120,3255,1537,1718
LK-7133125,3202,1543,1659
LK-7133130,1301,603,698
LK-7133135,2829,1387,1442
LK-7133140,1497,754,743
LK-7133145,1575,775,800
LK-7136,25377,12339,13038
LK-7136005,1575,783,792
LK-7136010,2167,1048,1119
LK-7136015,1271,594,677
LK-7136020,1636,771,865
LK-7136025,1733,838,895
LK-7136030,1603,775,828
LK-7136035,1271,623,648
LK-7136040,1113,548,565
LK-7136045,1520,749,771
LK-7136050,1147,581,566
LK-7136055,908,418,490
LK-7136060,659,343,316
LK-7136065,1181,593,588
LK-7136070,1820,831,989
LK-7136075,1152,559,593
LK-7136080,1113,554,559
LK-7136085,1393,676,717
LK-7136090,1087,548,539
LK-7136095,1028,507,521
LK-7139,49886,24480,25406
LK-7139005,636,315,321
LK-7139010,887,435,452
LK-7139015,438,215,223
LK-7139020,132,63,69
LK-7139025,1497,755,742
LK-7139030,717,349,368
LK-7139035,982,496,486
LK-7139040,858,410,448
LK-7139045,945,471,474
LK-7139050,778,378,400
LK-7139055,1217,576,641
LK-7139060,1828,881,947
LK-7139065,3120,1514,1606
LK-7139070,1534,769,765
LK-7139075,1216,585,631
LK-7139080,1519,762,757
LK-7139085,1586,754,832
LK-7139090,3669,1897,1772
LK-7139095,1393,697,696
LK-7139100,1103,547,556
LK-7139105,1212,592,620
LK-7139110,1125,526,599
LK-7139115,1811,889,922
LK-7139120,1797,856,941
LK-7139125,2003,955,1048
LK-7139130,1004,500,504
LK-7139135,1433,718,715
LK-7139140,1614,782,832
LK-7139145,1599,775,824
LK-7139150,1021,482,539
LK-7139155,1123,540,583
LK-7139160,1844,909,935
LK-7139165,854,411,443
LK-7139170,1629,834,795
LK-7139175,2130,1050,1080
LK-7139180,1632,792,840
LK-7142,33543,16265,17278
LK-7142005,1463,723,740
LK-7142010,3268,1589,1679
LK-7142015,2843,1390,1453
LK-7142020,1463,716,747
LK-7142025,1864,938,926
LK-7142030,1281,611,670
LK-7142035,2509,1181,1328
LK-7142040,1857,919,938
LK-7142045,1259,584,675
LK-7142050,1358,643,715
LK-7142055,1281,641,640
LK-7142060,1355,662,693
LK-7142065,1092,528,564
LK-7142070,1351,652,699
LK-7142075,878,418,460
LK-7142080,1913,911,1002
LK-7142085,1330,642,688
LK-7142090,1375,663,712
LK-7142095,1161,587,574
LK-7142100,1148,562,586
LK-7142105,1494,705,789
LK-7145,42437,20840,21597
LK-7145005,2530,1243,1287
LK-7145010,1610,799,811
LK-7145015,1654,852,802
LK-7145020,1129,581,548
LK-7145025,1600,775,825
LK-7145030,1204,594,610
LK-7145035,1259,633,626
LK-7145040,1139,538,601
LK-7145045,1774,866,908
LK-7145050,885,437,448
LK-7145055,1177,566,611
LK-7145060,2037,1004,1033
LK-7145065,3304,1584,1720
LK-7145070,2553,1241,1312
LK-7145075,1237,611,626
LK-7145080,1641,812,829
LK-7145085,3371,1647,1724
LK-7145090,1651,807,844
LK-7145095,1837,937,900
LK-7145100,875,423,452
LK-7145105,1359,676,683
LK-7145110,1787,866,921
LK-7145115,1531,731,800
LK-7145120,891,435,456
LK-7145125,1195,596,599
LK-7145130,1207,586,621
LK-7148,57793,28234,29559
LK-7148005,791,408,383
LK-7148010,1173,574,599
LK-7148015,1770,889,881
LK-7148020,1684,807,877
LK-7148025,1752,854,898
LK-7148030,2011,967,1044
LK-7148035,2381,1154,1227
LK-7148040,2308,1110,1198
LK-7148045,1063,519,544
LK-7148050,835,433,402
LK-7148055,1881,909,972
LK-7148060,1545,756,789
LK-7148065,1575,757,818
LK-7148070,1117,583,534
LK-7148075,2246,1125,1121
LK-7148080,1568,753,815
LK-7148085,1030,480,550
LK-7148090,1779,874,905
LK-7148095,1841,919,922
LK-7148100,1981,994,987
LK-7148105,1132,549,583
LK-7148110,1321,648,673
LK-7148115,1462,726,736
LK-7148120,1627,791,836
LK-7148125,1220,581,639
LK-7148130,960,467,493
LK-7148135,749,382,367
LK-7148140,1125,568,557
LK-7148145,998,474,524
LK-7148150,1615,795,820
LK-7148155,1251,619,632
LK-7148160,1803,846,957
LK-7148165,1934,945,989
LK-7148170,1578,780,798
LK-7148175,1390,670,720
LK-7148180,926,438,488
LK-7148185,1189,570,619
LK-7148190,1118,521,597
LK-7148195,2064,999,1065
LK-7151,27044,13355,13689
LK-7151005,424,213,211
LK-7151010,672,352,320
LK-7151015,745,375,370
LK-7151020,392,181,211
LK-7151025,305,148,157
LK-7151030,485,234,251
LK-7151035,332,162,170
LK-7151040,744,371,373
LK-7151045,875,409,466
LK-7151050,783,404,379
LK-7151055,443,218,225
LK-7151060,417,206,211
LK-7151065,827,395,432
LK-7151070,985,484,501
LK-7151075,944,465,479
LK-7151080,782,372,410
LK-7151085,787,388,399
LK-7151090,754,379,375
LK-7151095,697,361,336
LK-7151100,750,346,404
LK-7151105,672,320,352
LK-7151110,919,453,466
LK-7151115,435,217,218
LK-7151120,680,338,342
LK-7151125,484,231,253
LK-7151130,385,176,209
LK-7151135,1071,546,525
LK-7151140,266,134,132
LK-7151145,1289,669,620
LK-7151150,558,279,279
LK-7151155,659,318,341
LK-7151160,790,393,397
LK-7151165,518,261,257
LK-7151170,913,441,472
LK-7151175,291,153,138
LK-7151180,934,477,457
LK-7151185,694,351,343
LK-7151190,468,223,245
LK-7151195,469,232,237
LK-7151200,620,304,316
LK-7151205,786,376,410
LK-7154,59241,29196,30045
LK-7154005,957,449,508
LK-7154010,806,382,424
LK-7154015,579,322,257
LK-7154020,467,267,200
LK-7154025,1378,650,728
LK-7154030,766,380,386
LK-7154035,3066,1501,1565
LK-7154040,548,259,289
LK-7154045,593,280,313
LK-7154050,1155,580,575
LK-7154055,1531,759,772
LK-7154060,1040,493,547
LK-7154065,652,326,326
LK-7154070,697,336,361
LK-7154075,1573,778,795
LK-7154080,776,392,384
LK-7154085,646,321,325
LK-7154090,477,211,266
LK-7154095,1069,532,537
LK-7154100,1277,615,662
LK-7154105,1221,608,613
LK-7154110,616,292,324
LK-7154115,602,274,328
LK-7154120,1727,844,883
LK-7154125,1526,744,782
LK-7154130,1356,830,526
LK-7154135,1462,718,744
LK-7154140,1183,581,602
LK-7154145,734,401,333
LK-7154150,562,259,303
LK-7154155,1937,898,1039
LK-7154160,2783,1388,1395
LK-7154165,979,514,465
LK-7154170,661,305,356
LK-7154175,693,351,342
LK-7154180,674,344,330
LK-7154185,838,392,446
LK-7154190,1349,667,682
LK-7154195,1220,609,611
LK-7154200,1063,500,563
LK-7154205,1706,808,898
LK-7154210,1732,856,876
LK-7154215,667,336,331
LK-7154220,533,253,280
LK-7154225,1272,616,656
LK-7154230,450,207,243
LK-7154235,1352,666,686
LK-7154240,1067,544,523
LK-7154245,1758,879,879
LK-7154250,1116,535,581
LK-7154255,1204,598,606
LK-7154260,1340,653,687
LK-7154265,1805,893,912
LK-7157,15582,7802,7780
LK-7157005,418,193,225
LK-7157010,664,321,343
LK-7157015,965,450,515
LK-7157020,821,408,413
LK-7157025,449,222,227
LK-7157030,736,360,376
LK-7157035,811,395,416
LK-7157040,1128,535,593
LK-7157045,1005,493,512
LK-7157050,727,354,373
LK-7157055,3466,1885,1581
LK-7157060,432,220,212
LK-7157065,925,449,476
LK-7157070,891,448,443
LK-7157075,1016,505,511
LK-7157080,1128,564,564
LK-7160,38862,18517,20345
LK-7160005,1737,828,909
LK-7160010,311,150,161
LK-7160015,613,306,307
LK-7160020,1323,637,686
LK-7160025,1640,756,884
LK-7160030,1605,785,820
LK-7160035,1470,712,758
LK-7160040,1272,725,547
LK-7160045,820,405,415
LK-7160050,497,239,258
LK-7160055,813,387,426
LK-7160060,734,345,389
LK-7160065,4790,2081,2709
LK-7160070,1822,852,970
LK-7160075,819,402,417
LK-7160080,1149,549,600
LK-7160085,1169,571,598
LK-7160090,966,460,506
LK-7160095,892,398,494
LK-7160100,1405,658,747
LK-7160105,476,218,258
LK-7160110,983,478,505
LK-7160115,732,337,395
LK-7160120,914,415,499
LK-7160125,1052,486,566
LK-7160130,1698,846,852
LK-7160135,1248,636,612
LK-7160140,265,124,141
LK-7160145,949,484,465
LK-7160150,1529,696,833
LK-7160155,1297,620,677
LK-7160160,1872,931,941
LK-7163,34756,16693,18063
LK-7163005,1216,579,637
LK-7163010,1332,653,679
LK-7163015,1558,770,788
LK-7163020,2079,1030,1049
LK-7163025,1227,605,622
LK-7163030,1764,841,923
LK-7163035,1173,545,628
LK-7163040,1808,853,955
LK-7163045,1294,627,667
LK-7163050,1759,804,955
LK-7163055,1447,700,747
LK-7163060,1377,654,723
LK-7163065,796,393,403
LK-7163070,1112,543,569
LK-7163075,1208,571,637
LK-7163080,1110,552,558
LK-7163085,710,374,336
LK-7163090,1647,760,887
LK-7163095,1105,532,573
LK-7163100,606,279,327
LK-7163105,1173,596,577
LK-7163110,249,119,130
LK-7163115,618,288,330
LK-7163120,1282,572,710
LK-7163125,1127,503,624
LK-7163130,2060,1007,1053
LK-7163135,554,271,283
LK-7163140,244,126,118
LK-7163145,530,265,265
LK-7163150,591,281,310
LK-7166,34002,16620,17382
LK-7166005,1112,557,555
LK-7166010,946,439,507
LK-7166015,779,367,412
LK-7166020,640,300,340
LK-7166025,398,191,207
LK-7166030,1180,574,606
LK-7166035,959,458,501
LK-7166040,431,237,194
LK-7166045,595,285,310
LK-7166050,665,318,347
LK-7166055,783,371,412
LK-7166060,826,372,454
LK-7166065,1173,557,616
LK-7166070,1139,551,588
LK-7166075,691,348,343
LK-7166080,1151,552,599
LK-7166085,1159,560,599
LK-7166090,1611,793,818
LK-7166095,1069,554,515
LK-7166100,1571,796,775
LK-7166105,2185,1098,1087
LK-7166110,1319,669,650
LK-7166115,1183,588,595
LK-7166120,1147,559,588
LK-7166125,971,480,491
LK-7166130,932,444,488
LK-7166135,693,332,361
LK-7166140,840,401,439
LK-7166145,634,307,327
LK-7166150,920,441,479
LK-7166155,1172,606,566
LK-7166160,674,316,358
LK-7166165,907,438,469
LK-7166170,761,375,386
LK-7166175,786,386,400
LK-72,406088,200780,205308
LK-7203,64289,31574,32715
LK-7203005,1410,724,686
LK-7203010,1468,743,725
LK-7203015,1348,656,692
LK-7203020,844,407,437
LK-7203025,778,361,417
LK-7203030,1819,851,968
LK-7203035,1483,717,766
LK-7203040,1254,610,644
LK-7203045,1058,514,544
LK-7203050,963,475,488
LK-7203055,1794,856,938
LK-7203060,1240,585,655
LK-7203065,1187,579,608
LK-7203070,923,475,448
LK-7203075,2202,1064,1138
LK-7203080,863,443,420
LK-7203085,1504,726,778
LK-7203090,1888,929,959
LK-7203095,758,407,351
LK-7203100,1238,617,621
LK-7203105,1485,715,770
LK-7203110,1770,823,947
LK-7203115,1049,505,544
LK-7203120,2383,1145,1238
LK-7203125,1498,741,757
LK-7203130,1130,561,569
LK-7203135,1008,467,541
LK-7203140,818,366,452
LK-7203145,1457,720,737
LK-7203150,776,441,335
LK-7203155,828,414,414
LK-7203160,1365,670,695
LK-7203165,1028,499,529
LK-7203170,965,475,490
LK-7203175,1361,814,547
LK-7203180,1030,497,533
LK-7203185,715,376,339
LK-7203190,1361,667,694
LK-7203195,1117,559,558
LK-7203200,1496,714,782
LK-7203205,1562,760,802
LK-7203210,847,425,422
LK-7203215,1253,612,641
LK-7203220,963,476,487
LK-7203225,1167,573,594
LK-7203230,873,420,453
LK-7203235,772,361,411
LK-7203240,861,423,438
LK-7203245,1275,612,663
LK-7203250,1414,696,718
LK-7203255,778,398,380
LK-7203260,845,431,414
LK-7203265,1017,479,538
LK-7206,65575,32172,33403
LK-7206005,1611,834,777
LK-7206010,1310,660,650
LK-7206015,1182,583,599
LK-7206020,1695,862,833
LK-7206025,579,295,284
LK-7206030,1229,629,600
LK-7206035,2029,1000,1029
LK-7206040,1051,486,565
LK-7206045,2006,994,1012
LK-7206050,862,413,449
LK-7206055,1666,828,838
LK-7206060,958,484,474
LK-7206065,1705,823,882
LK-7206070,2243,1085,1158
LK-7206075,1470,705,765
LK-7206080,1108,500,608
LK-7206085,1618,810,808
LK-7206090,2079,952,1127
LK-7206095,609,306,303
LK-7206100,1102,547,555
LK-7206105,971,526,445
LK-7206110,1839,920,919
LK-7206115,1344,672,672
LK-7206120,1495,741,754
LK-7206125,1867,889,978
LK-7206130,1006,479,527
LK-7206135,1495,706,789
LK-7206140,1828,896,932
LK-7206145,1767,855,912
LK-7206150,1040,476,564
LK-7206155,1291,653,638
LK-7206160,2828,1453,1375
LK-7206165,1852,909,943
LK-7206170,1368,672,696
LK-7206175,1154,559,595
LK-7206180,1688,824,864
LK-7206185,1400,669,731
LK-7206190,948,470,478
LK-7206195,1418,670,748
LK-7206200,1455,724,731
LK-7206205,588,298,290
LK-7206210,1218,601,617
LK-7206215,1481,734,747
LK-7206220,1326,635,691
LK-7206225,2796,1345,1451
LK-7209,36452,17621,18831
LK-7209005,1242,605,637
LK-7209010,919,449,470
LK-7209015,1123,530,593
LK-7209020,1021,484,537
LK-7209025,486,246,240
LK-7209030,2227,1101,1126
LK-7209035,1369,635,734
LK-7209040,1100,551,549
LK-7209045,1003,504,499
LK-7209050,1270,617,653
LK-7209055,699,339,360
LK-7209060,1121,550,571
LK-7209065,1612,769,843
LK-7209070,1001,482,519
LK-7209075,1382,665,717
LK-7209080,1365,642,723
LK-7209085,1539,765,774
LK-7209090,1127,579,548
LK-7209095,1473,719,754
LK-7209100,1422,700,722
LK-7209105,1049,521,528
LK-7209110,1737,846,891
LK-7209115,1372,671,701
LK-7209120,1727,805,922
LK-7209125,2434,1139,1295
LK-7209130,2053,942,1111
LK-7209135,126,68,58
LK-7209140,1453,697,756
LK-7210,33770,17285,16485
LK-7210005,2900,1520,1380
LK-7210010,527,357,170
LK-7210015,919,436,483
LK-7210020,1559,748,811
LK-7210025,701,354,347
LK-7210030,582,289,293
LK-7210035,5300,2729,2571
LK-7210040,1815,908,907
LK-7210045,551,272,279
LK-7210050,407,201,206
LK-7210055,1702,984,718
LK-7210060,814,397,417
LK-7210070,844,416,428
LK-7210075,470,233,237
LK-7210080,1353,679,674
LK-7210085,1075,528,547
LK-7210090,724,369,355
LK-7210095,1105,662,443
LK-7210100,892,440,452
LK-7210105,697,360,337
LK-7210110,857,430,427
LK-7210115,1106,568,538
LK-7210120,1494,763,731
LK-7210125,1405,671,734
LK-7210130,947,475,472
LK-7210135,653,331,322
LK-7210140,739,363,376
LK-7210145,597,282,315
LK-7210150,1035,520,515
LK-7212,79661,39903,39758
LK-7212005,1911,1004,907
LK-7212010,2143,1076,1067
LK-7212015,1407,696,711
LK-7212020,1240,624,616
LK-7212025,1472,704,768
LK-7212030,1277,642,635
LK-7212035,2029,985,1044
LK-7212040,1014,508,506
LK-7212045,831,398,433
LK-7212050,2012,1058,954
LK-7212055,774,386,388
LK-7212060,953,484,469
LK-7212065,1094,568,526
LK-7212070,1203,626,577
LK-7212075,1657,846,811
LK-7212080,1755,878,877
LK-7212085,753,383,370
LK-7212090,1277,635,642
LK-7212095,1413,703,710
LK-7212100,1117,546,571
LK-7212105,797,399,398
LK-7212110,555,277,278
LK-7212115,1820,921,899
LK-7212120,2716,1334,1382
LK-7212125,949,489,460
LK-7212130,1170,585,585
LK-7212135,1434,745,689
LK-7212140,2317,1153,1164
LK-7212145,1003,504,499
LK-7212150,1105,537,568
LK-7212155,1281,635,646
LK-7212160,2055,1042,1013
LK-7212165,1943,967,976
LK-7212170,1357,653,704
LK-7212175,1038,513,525
LK-7212180,1564,762,802
LK-7212185,686,348,338
LK-7212190,1317,625,692
LK-7212195,1631,806,825
LK-7212200,1642,785,857
LK-7212205,1125,565,560
LK-7212210,2565,1341,1224
LK-7212215,841,422,419
LK-7212220,700,362,338
LK-7212225,2046,1019,1027
LK-7212230,767,386,381
LK-7212235,2151,1128,1023
LK-7212240,1567,819,748
LK-7212245,873,441,432
LK-7212250,1254,616,638
LK-7212255,649,331,318
LK-7212260,1846,908,938
LK-7212265,1958,980,978
LK-7212270,2160,1053,1107
LK-7212275,2239,1110,1129
LK-7212280,1208,592,616
LK-7215,82426,40633,41793
LK-7215005,1453,710,743
LK-7215010,1100,528,572
LK-7215015,949,441,508
LK-7215020,939,479,460
LK-7215025,1856,900,956
LK-7215030,1627,799,828
LK-7215035,900,428,472
LK-7215040,1198,588,610
LK-7215045,1017,519,498
LK-7215050,1520,733,787
LK-7215055,905,449,456
LK-7215060,1128,562,566
LK-7215065,585,275,310
LK-7215070,1124,562,562
LK-7215075,1046,513,533
LK-7215080,1003,515,488
LK-7215085,1558,777,781
LK-7215090,930,455,475
LK-7215095,1104,540,564
LK-7215100,849,441,408
LK-7215105,1998,951,1047
LK-7215110,1799,907,892
LK-7215115,1250,632,618
LK-7215120,1590,771,819
LK-7215125,1435,704,731
LK-7215130,2349,1150,1199
LK-7215135,1173,651,522
LK-7215140,835,404,431
LK-7215145,1205,588,617
LK-7215150,1148,569,579
LK-7215155,1357,770,587
LK-7215160,1703,906,797
LK-7215165,996,469,527
LK-7215170,1856,917,939
LK-7215175,1755,825,930
LK-7215180,1175,610,565
LK-7215185,1528,746,782
LK-7215190,5118,2438,2680
LK-7215195,1643,791,852
LK-7215200,2364,1123,1241
LK-7215205,1477,733,744
LK-7215210,2600,1283,1317
LK-7215215,1470,744,726
LK-7215220,2005,984,1021
LK-7215225,2122,1090,1032
LK-7215230,2077,1137,940
LK-7215235,2472,1184,1288
LK-7215240,1782,835,947
LK-7215245,1482,705,777
LK-7215250,1330,571,759
LK-7215255,844,416,428
LK-7215260,856,413,443
LK-7215265,901,442,459
LK-7215270,1962,977,985
LK-7215275,1978,983,995
LK-7218,43915,21592,22323
LK-7218005,1780,882,898
LK-7218010,1641,804,837
LK-7218015,3176,1570,1606
LK-7218020,1517,761,756
LK-7218025,726,356,370
LK-7218030,1301,643,658
LK-7218035,1454,697,757
LK-7218040,1832,903,929
LK-7218045,1033,497,536
LK-7218050,2245,1098,1147
LK-7218055,1841,917,924
LK-7218060,1882,902,980
LK-7218065,1601,804,797
LK-7218070,1692,836,856
LK-7218075,1404,673,731
LK-7218080,712,347,365
LK-7218085,1191,588,603
LK-7218090,909,463,446
LK-7218095,1920,925,995
LK-7218100,2336,1182,1154
LK-7218105,703,343,360
LK-7218110,2136,1061,1075
LK-7218115,775,353,422
LK-7218120,2336,1126,1210
LK-7218125,2436,1216,1220
LK-7218130,1463,695,768
LK-7218135,842,404,438
LK-7218140,1031,546,485
LK-8,1266463,616116,650347
LK-81,815405,391948,423457
LK-8103,75776,37276,38500
LK-8103005,1878,905,973
LK-8103010,2167,1073,1094
LK-8103015,1900,940,960
LK-8103020,2014,965,1049
LK-8103025,1581,795,786
LK-8103030,1364,666,698
LK-8103035,1879,905,974
LK-8103040,1832,909,923
LK-8103045,2502,1212,1290
LK-8103050,2395,1179,1216
LK-8103055,2494,1174,1320
LK-8103060,1652,782,870
LK-8103065,1567,770,797
LK-8103070,4027,1977,2050
LK-8103075,3196,1567,1629
LK-8103080,2023,1003,1020
LK-8103085,1682,823,859
LK-8103090,2479,1240,1239
LK-8103095,2405,1189,1216
LK-8103100,2179,1119,1060
LK-8103105,1242,634,608
LK-8103110,1881,950,931
LK-8103115,2004,1024,980
LK-8103120,1978,1000,978
LK-8103125,3350,1667,1683
LK-8103130,2285,1127,1158
LK-8103135,2329,1093,1236
LK-8103140,2700,1467,1233
LK-8103145,2248,1099,1149
LK-8103150,2113,1026,1087
LK-8103155,2202,1025,1177
LK-8103160,2720,1307,1413
LK-8103165,2076,968,1108
LK-8103170,1993,990,1003
LK-8103175,1439,706,733
LK-8106,51618,25163,26455
LK-8106005,1698,857,841
LK-8106010,1298,620,678
LK-8106015,2106,1007,1099
LK-8106020,1960,965,995
LK-8106025,1464,754,710
LK-8106030,882,461,421
LK-8106035,1062,523,539
LK-8106040,1322,646,676
LK-8106045,2130,1049,1081
LK-8106050,378,187,191
LK-8106055,1014,481,533
LK-8106060,590,279,311
LK-8106065,1630,813,817
LK-8106070,2132,1026,1106
LK-8106075,1638,785,853
LK-8106080,1695,790,905
LK-8106085,1901,910,991
LK-8106090,2249,1098,1151
LK-8106095,1125,528,597
LK-8106100,553,277,276
LK-8106105,819,405,414
LK-8106110,1322,655,667
LK-8106115,1487,716,771
LK-8106120,1793,887,906
LK-8106125,1235,607,628
LK-8106130,608,297,311
LK-8106135,558,290,268
LK-8106140,1765,847,918
LK-8106145,628,302,326
LK-8106150,1538,753,785
LK-8106155,1076,511,565
LK-8106160,1010,482,528
LK-8106165,974,466,508
LK-8106170,477,235,242
LK-8106175,783,376,407
LK-8106180,868,413,455
LK-8106185,1482,730,752
LK-8106190,670,344,326
LK-8106195,950,453,497
LK-8106200,773,411,362
LK-8106205,682,322,360
LK-8106210,1293,605,688
LK-8109,19719,9531,10188
LK-8109005,1514,743,771
LK-8109010,1234,597,637
LK-8109015,1394,687,707
LK-8109020,1206,596,610
LK-8109025,729,373,356
LK-8109030,364,181,183
LK-8109035,368,180,188
LK-8109040,2046,949,1097
LK-8109045,906,425,481
LK-8109050,453,217,236
LK-8109055,646,309,337
LK-8109060,663,312,351
LK-8109065,1216,594,622
LK-8109070,1465,701,764
LK-8109075,1340,672,668
LK-8109080,1532,712,820
LK-8109085,564,266,298
LK-8109090,870,416,454
LK-8109095,556,286,270
LK-8109100,653,315,338
LK-8112,23075,11188,11887
LK-8112005,1086,550,536
LK-8112010,987,457,530
LK-8112015,790,388,402
LK-8112020,666,312,354
LK-8112025,1004,498,506
LK-8112030,1831,923,908
LK-8112035,946,469,477
LK-8112040,768,382,386
LK-8112045,1222,576,646
LK-8112050,1137,586,551
LK-8112055,877,423,454
LK-8112060,1061,538,523
LK-8112065,630,293,337
LK-8112070,613,298,315
LK-8112075,649,315,334
LK-8112080,586,281,305
LK-8112085,420,196,224
LK-8112090,763,370,393
LK-8112095,927,439,488
LK-8112100,685,324,361
LK-8112105,467,223,244
LK-8112110,664,315,349
LK-8112115,854,401,453
LK-8112120,1230,592,638
LK-8112125,1596,749,847
LK-8112130,616,290,326
LK-8115,22571,10695,11876
LK-8115005,348,161,187
LK-8115010,467,221,246
LK-8115015,424,199,225
LK-8115020,956,444,512
LK-8115025,532,262,270
LK-8115030,557,254,303
LK-8115035,287,139,148
LK-8115040,1218,768,450
LK-8115045,892,406,486
LK-8115050,537,263,274
LK-8115055,916,420,496
LK-8115060,924,416,508
LK-8115065,1493,693,800
LK-8115070,914,419,495
LK-8115075,775,362,413
LK-8115080,790,393,397
LK-8115085,1129,511,618
LK-8115090,1019,467,552
LK-8115095,515,248,267
LK-8115100,806,386,420
LK-8115105,1830,859,971
LK-8115110,1343,647,696
LK-8115115,636,300,336
LK-8115120,1700,754,946
LK-8115125,1563,703,860
LK-8118,48807,23035,25772
LK-8118005,659,323,336
LK-8118010,720,348,372
LK-8118015,950,466,484
LK-8118020,1118,527,591
LK-8118025,610,284,326
LK-8118030,858,407,451
LK-8118035,942,464,478
LK-8118040,928,443,485
LK-8118045,1607,743,864
LK-8118050,823,375,448
LK-8118055,2101,994,1107
LK-8118060,920,407,513
LK-8118065,1878,909,969
LK-8118070,1098,512,586
LK-8118075,2571,1194,1377
LK-8118080,1058,500,558
LK-8118085,1034,491,543
LK-8118090,807,374,433
LK-8118095,1329,634,695
LK-8118100,1188,570,618
LK-8118105,1133,531,602
LK-8118110,1387,691,696
LK-8118115,854,426,428
LK-8118120,1188,570,618
LK-8118125,1812,871,941
LK-8118130,1162,557,605
LK-8118135,2080,969,1111
LK-8118140,1009,452,557
LK-8118145,1416,694,722
LK-8118150,560,259,301
LK-8118155,1770,814,956
LK-8118160,1705,790,915
LK-8118165,1318,612,706
LK-8118170,780,325,455
LK-8118175,1908,931,977
LK-8118180,1954,913,1041
LK-8118185,1090,494,596
LK-8118190,380,176,204
LK-8118195,385,189,196
LK-8118200,1144,540,604
LK-8118205,573,266,307
LK-8119,31381,14731,16650
LK-8119005,913,443,470
LK-8119010,928,431,497
LK-8119015,330,153,177
LK-8119020,1652,785,867
LK-8119025,476,217,259
LK-8119030,1529,713,816
LK-8119035,385,188,197
LK-8119040,970,459,511
LK-8119045,1576,738,838
LK-8119050,1432,684,748
LK-8119055,415,191,224
LK-8119060,1135,547,588
LK-8119065,1372,663,709
LK-8119070,1316,611,705
LK-8119075,3068,1408,1660
LK-8119080,1321,607,714
LK-8119085,999,467,532
LK-8119090,712,353,359
LK-8119095,233,116,117
LK-8119100,669,337,332
LK-8119105,1742,779,963
LK-8119110,1967,932,1035
LK-8119115,968,447,521
LK-8119120,728,330,398
LK-8119125,813,368,445
LK-8119130,1076,499,577
LK-8119135,2057,976,1081
LK-8119140,599,289,310
LK-8121,75042,35179,39863
LK-8121005,2824,1308,1516
LK-8121010,4062,1948,2114
LK-8121015,2297,1086,1211
LK-8121020,2440,1157,1283
LK-8121025,2168,1026,1142
LK-8121030,2968,1363,1605
LK-8121035,1630,769,861
LK-8121040,1674,791,883
LK-8121045,2013,943,1070
LK-8121050,3670,1733,1937
LK-8121055,1369,616,753
LK-8121060,2235,1036,1199
LK-8121065,5153,2357,2796
LK-8121070,3347,1462,1885
LK-8121075,2753,1203,1550
LK-8121080,2437,1134,1303
LK-8121085,3557,1668,1889
LK-8121090,4159,2156,2003
LK-8121095,3079,1451,1628
LK-8121100,2889,1354,1535
LK-8121105,1298,618,680
LK-8121110,1819,805,1014
LK-8121115,991,469,522
LK-8121120,2143,1004,1139
LK-8121125,922,422,500
LK-8121130,2823,1361,1462
LK-8121135,2193,1060,1133
LK-8121140,4139,1960,2179
LK-8121145,1990,919,1071
LK-8124,90571,42925,47646
LK-8124005,1165,570,595
LK-8124010,1299,614,685
LK-8124015,1613,746,867
LK-8124020,473,215,258
LK-8124025,761,368,393
LK-8124030,905,421,484
LK-8124035,1374,652,722
LK-8124040,1744,842,902
LK-8124045,1380,648,732
LK-8124050,1019,470,549
LK-8124055,1566,744,822
LK-8124060,2110,1019,1091
LK-8124065,2736,1317,1419
LK-8124070,3050,1436,1614
LK-8124075,1684,743,941
LK-8124080,1049,510,539
LK-8124085,1005,473,532
LK-8124090,1888,880,1008
LK-8124095,3469,1686,1783
LK-8124100,1166,624,542
LK-8124105,1886,896,990
LK-8124110,782,353,429
LK-8124115,2220,1068,1152
LK-8124120,652,325,327
LK-8124125,899,455,444
LK-8124130,1744,823,921
LK-8124135,2617,1194,1423
LK-8124140,1385,662,723
LK-8124145,964,439,525
LK-8124150,1765,833,932
LK-8124155,2560,1211,1349
LK-8124160,1980,882,1098
LK-8124165,2045,932,1113
LK-8124170,924,421,503
LK-8124175,1626,768,858
LK-8124180,779,360,419
LK-8124185,1354,642,712
LK-8124190,2446,1132,1314
LK-8124195,1865,869,996
LK-8124200,2165,1046,1119
LK-8124205,1542,744,798
LK-8124210,2682,1263,1419
LK-8124215,1295,588,707
LK-8124220,1941,906,1035
LK-8124225,1004,513,491
LK-8124230,1668,813,855
LK-8124235,1188,574,614
LK-8124240,2012,930,1082
LK-8124245,742,366,376
LK-8124250,1256,596,660
LK-8124255,2209,1022,1187
LK-8124260,1468,701,767
LK-8124265,1291,616,675
LK-8124270,1808,845,963
LK-8124275,1408,671,737
LK-8124280,1726,865,861
LK-8124285,1217,623,594
LK-8127,77998,37722,40276
LK-8127005,847,405,442
LK-8127010,861,386,475
LK-8127015,687,328,359
LK-8127020,654,302,352
LK-8127025,592,278,314
LK-8127030,588,264,324
LK-8127035,484,229,255
LK-8127040,510,238,272
LK-8127045,920,423,497
LK-8127050,1125,539,586
LK-8127055,1434,699,735
LK-8127060,571,266,305
LK-8127065,1594,771,823
LK-8127070,800,383,417
LK-8127075,737,359,378
LK-8127080,717,351,366
LK-8127085,686,324,362
LK-8127090,1308,631,677
LK-8127095,1181,560,621
LK-8127100,2550,1249,1301
LK-8127105,1594,758,836
LK-8127110,692,348,344
LK-8127115,1212,590,622
LK-8127120,944,467,477
LK-8127125,992,515,477
LK-8127130,440,219,221
LK-8127135,1036,498,538
LK-8127140,1066,512,554
LK-8127145,1028,488,540
LK-8127150,809,391,418
LK-8127155,1131,552,579
LK-8127160,381,183,198
LK-8127165,1703,821,882
LK-8127170,1173,555,618
LK-8127175,979,480,499
LK-8127180,855,410,445
LK-8127185,1048,501,547
LK-8127190,838,407,431
LK-8127195,827,395,432
LK-8127200,1008,514,494
LK-8127205,1461,699,762
LK-8127210,505,272,233
LK-8127215,1840,885,955
LK-8127220,1285,616,669
LK-8127225,1015,503,512
LK-8127230,917,451,466
LK-8127235,1940,913,1027
LK-8127240,1351,643,708
LK-8127245,1764,851,913
LK-8127250,1372,664,708
LK-8127255,1991,972,1019
LK-8127260,1803,864,939
LK-8127265,1994,1030,964
LK-8127270,1236,614,622
LK-8127275,1004,507,497
LK-8127280,1677,822,855
LK-8127285,977,469,508
LK-8127290,1743,859,884
LK-8127295,2009,958,1051
LK-8127300,1509,728,781
LK-8127305,855,413,442
LK-8127310,1188,558,630
LK-8127315,1122,537,585
LK-8127320,498,244,254
LK-8127325,818,393,425
LK-8127330,1879,905,974
LK-8127335,1412,677,735
LK-8127340,2231,1086,1145
LK-8130,100808,49010,51798
LK-8130005,2410,1159,1251
LK-8130010,2309,1078,1231
LK-8130015,1691,777,914
LK-8130020,3026,1435,1591
LK-8130025,2306,1140,1166
LK-8130030,1887,930,957
LK-8130035,1850,935,915
LK-8130040,1768,861,907
LK-8130045,1574,762,812
LK-8130050,1524,719,805
LK-8130055,1272,609,663
LK-8130060,806,419,387
LK-8130065,2049,1009,1040
LK-8130070,2078,1026,1052
LK-8130075,2051,1045,1006
LK-8130080,1736,804,932
LK-8130085,1863,908,955
LK-8130090,1033,524,509
LK-8130095,789,409,380
LK-8130100,797,396,401
LK-8130105,2474,1167,1307
LK-8130110,521,243,278
LK-8130115,1452,698,754
LK-8130120,2447,1228,1219
LK-8130125,1602,757,845
LK-8130130,1689,809,880
LK-8130135,1206,577,629
LK-8130140,1433,731,702
LK-8130145,1036,496,540
LK-8130150,2292,1122,1170
LK-8130155,652,315,337
LK-8130160,1270,609,661
LK-8130165,1810,863,947
LK-8130170,1471,711,760
LK-8130175,1967,927,1040
LK-8130180,1966,969,997
LK-8130185,2014,933,1081
LK-8130190,941,420,521
LK-8130195,1250,638,612
LK-8130200,1666,817,849
LK-8130205,1067,505,562
LK-8130210,1968,904,1064
LK-8130215,800,402,398
LK-8130220,2900,1385,1515
LK-8130225,1499,734,765
LK-8130230,1217,605,612
LK-8130235,888,436,452
LK-8130240,1038,527,511
LK-8130245,1496,718,778
LK-8130250,1198,577,621
LK-8130255,2108,1192,916
LK-8130260,1607,753,854
LK-8130265,1307,645,662
LK-8130270,1722,846,876
LK-8130275,2178,1050,1128
LK-8130280,1613,805,808
LK-8130285,148,66,82
LK-8130290,1577,800,777
LK-8130295,1471,675,796
LK-8130300,1390,685,705
LK-8130305,822,409,413
LK-8130310,1527,757,770
LK-8130315,443,211,232
LK-8130320,2846,1348,1498
LK-8133,65502,31107,34395
LK-8133005,1232,591,641
LK-8133010,1243,598,645
LK-8133015,1216,590,626
LK-8133020,1549,721,828
LK-8133025,2445,1133,1312
LK-8133030,2499,1206,1293
LK-8133035,2596,1256,1340
LK-8133040,2637,1267,1370
LK-8133045,2531,1192,1339
LK-8133050,1500,726,774
LK-8133055,2544,1193,1351
LK-8133060,1883,865,1018
LK-8133065,3287,1623,1664
LK-8133070,3182,1469,1713
LK-8133075,2347,1056,1291
LK-8133080,1636,756,880
LK-8133085,1532,746,786
LK-8133090,1657,773,884
LK-8133095,780,379,401
LK-8133100,2514,1271,1243
LK-8133105,1767,872,895
LK-8133110,3184,1491,1693
LK-8133115,2364,1103,1261
LK-8133120,1687,797,890
LK-8133125,746,373,373
LK-8133130,1391,675,716
LK-8133135,1213,565,648
LK-8133140,1144,551,593
LK-8133145,627,312,315
LK-8133150,2392,1137,1255
LK-8133155,1916,877,1039
LK-8133160,1164,571,593
LK-8133165,503,228,275
LK-8133170,821,390,431
LK-8133175,3773,1754,2019
LK-8136,45181,21965,23216
LK-8136005,2058,993,1065
LK-8136010,1947,956,991
LK-8136015,1550,760,790
LK-8136020,2592,1268,1324
LK-8136025,1777,842,935
LK-8136030,1819,871,948
LK-8136035,1701,822,879
LK-8136040,887,450,437
LK-8136045,1755,865,890
LK-8136050,1006,459,547
LK-8136055,960,456,504
LK-8136060,902,447,455
LK-8136065,1145,553,592
LK-8136070,1182,560,622
LK-8136075,831,408,423
LK-8136080,1403,687,716
LK-8136085,1307,627,680
LK-8136090,572,282,290
LK-8136095,1495,761,734
LK-8136100,1360,684,676
LK-8136105,1639,772,867
LK-8136110,1872,902,970
LK-8136115,2479,1214,1265
LK-8136120,2439,1151,1288
LK-8136125,1435,689,746
LK-8136130,509,258,251
LK-8136135,1519,776,743
LK-8136140,885,442,443
LK-8136145,653,321,332
LK-8136150,1728,816,912
LK-8136155,1163,556,607
LK-8136160,611,317,294
LK-8139,49798,24299,25499
LK-8139005,1324,638,686
LK-8139010,1581,782,799
LK-8139015,1676,784,892
LK-8139020,2306,1093,1213
LK-8139025,1650,785,865
LK-8139030,2120,1022,1098
LK-8139035,1500,723,777
LK-8139040,3297,2031,1266
LK-8139045,1172,550,622
LK-8139050,1275,616,659
LK-8139055,1100,513,587
LK-8139060,2142,1031,1111
LK-8139065,1248,570,678
LK-8139070,1994,945,1049
LK-8139075,2557,1205,1352
LK-8139080,1508,704,804
LK-8139085,1638,799,839
LK-8139090,2383,1116,1267
LK-8139095,1005,480,525
LK-8139100,2079,986,1093
LK-8139105,504,245,259
LK-8139110,3957,1964,1993
LK-8139115,2800,1343,1457
LK-8139120,4349,2102,2247
LK-8139125,1206,575,631
LK-8139130,1427,697,730
LK-8142,37558,18122,19436
LK-8142005,1137,572,565
LK-8142010,909,438,471
LK-8142015,1725,826,899
LK-8142020,2668,1242,1426
LK-8142025,2760,1362,1398
LK-8142030,268,133,135
LK-8142035,727,369,358
LK-8142040,338,161,177
LK-8142045,816,409,407
LK-8142050,1868,910,958
LK-8142055,2412,1152,1260
LK-8142060,976,440,536
LK-8142065,3991,1895,2096
LK-8142070,1719,803,916
LK-8142075,1299,614,685
LK-8142080,988,421,567
LK-8142085,440,211,229
LK-8142090,559,270,289
LK-8142095,739,380,359
LK-8142100,592,290,302
LK-8142105,678,308,370
LK-8142110,587,287,300
LK-8142115,623,296,327
LK-8142120,1055,482,573
LK-8142125,644,282,362
LK-8142130,571,280,291
LK-8142135,443,207,236
LK-8142140,629,291,338
LK-8142145,631,301,330
LK-8142150,442,217,225
LK-8142155,314,153,161
LK-8142160,608,324,284
LK-8142165,681,376,305
LK-8142170,381,193,188
LK-8142175,204,117,87
LK-8142180,362,190,172
LK-8142185,757,371,386
LK-8142190,165,82,83
LK-8142195,852,467,385
LK-82,451058,224168,226890
LK-8203,40329,19325,21004
LK-8203005,340,178,162
LK-8203010,726,340,386
LK-8203015,985,490,495
LK-8203020,729,360,369
LK-8203025,496,238,258
LK-8203030,554,267,287
LK-8203035,1409,676,733
LK-8203040,1079,525,554
LK-8203045,1018,468,550
LK-8203050,823,392,431
LK-8203055,985,489,496
LK-8203060,856,415,441
LK-8203065,1344,642,702
LK-8203070,1159,538,621
LK-8203075,989,472,517
LK-8203080,1112,545,567
LK-8203085,1376,662,714
LK-8203090,1207,576,631
LK-8203095,787,389,398
LK-8203100,1063,509,554
LK-8203105,1008,469,539
LK-8203110,869,392,477
LK-8203115,670,310,360
LK-8203120,924,441,483
LK-8203125,1584,745,839
LK-8203130,1036,493,543
LK-8203135,1572,769,803
LK-8203140,1339,630,709
LK-8203145,1579,807,772
LK-8203150,812,419,393
LK-8203155,1181,541,640
LK-8203160,854,420,434
LK-8203165,2047,962,1085
LK-8203170,689,351,338
LK-8203175,1059,461,598
LK-8203180,889,428,461
LK-8203185,809,395,414
LK-8203190,748,353,395
LK-8203195,683,329,354
LK-8203200,940,439,501
LK-8206,31238,15231,16007
LK-8206005,460,224,236
LK-8206010,892,466,426
LK-8206015,1182,609,573
LK-8206020,1399,681,718
LK-8206025,794,408,386
LK-8206030,690,339,351
LK-8206035,890,446,444
LK-8206040,696,336,360
LK-8206045,583,296,287
LK-8206050,893,437,456
LK-8206055,975,452,523
LK-8206060,388,178,210
LK-8206065,414,221,193
LK-8206070,824,395,429
LK-8206075,1021,499,522
LK-8206080,1293,620,673
LK-8206085,935,431,504
LK-8206090,926,429,497
LK-8206095,874,426,448
LK-8206100,984,466,518
LK-8206105,632,309,323
LK-8206110,680,343,337
LK-8206115,620,308,312
LK-8206120,582,278,304
LK-8206125,731,343,388
LK-8206130,841,387,454
LK-8206135,666,323,343
LK-8206140,882,438,444
LK-8206145,567,297,270
LK-8206150,637,305,332
LK-8206155,594,290,304
LK-8206160,758,371,387
LK-8206165,927,446,481
LK-8206170,1416,703,713
LK-8206175,1333,651,682
LK-8206180,804,392,412
LK-8206185,664,317,347
LK-8206190,791,371,420
LK-8209,35881,17338,18543
LK-8209005,946,446,500
LK-8209010,1002,489,513
LK-8209015,1333,664,669
LK-8209020,1253,623,630
LK-8209025,1614,806,808
LK-8209030,801,371,430
LK-8209035,1126,538,588
LK-8209040,852,403,449
LK-8209045,930,412,518
LK-8209050,1172,545,627
LK-8209055,1125,534,591
LK-8209060,796,382,414
LK-8209065,803,379,424
LK-8209070,444,199,245
LK-8209075,658,312,346
LK-8209080,855,408,447
LK-8209085,1228,580,648
LK-8209090,884,388,496
LK-8209095,1267,610,657
LK-8209100,1157,578,579
LK-8209105,954,457,497
LK-8209110,1573,781,792
LK-8209115,1667,857,810
LK-8209120,943,488,455
LK-8209125,793,383,410
LK-8209130,667,324,343
LK-8209135,1039,521,518
LK-8209140,1349,628,721
LK-8209145,463,221,242
LK-8209150,1899,923,976
LK-8209155,951,461,490
LK-8209160,598,275,323
LK-8209165,1117,561,556
LK-8209170,963,466,497
LK-8209175,659,325,334
LK-8212,54040,27179,26861
LK-8212005,1012,508,504
LK-8212010,1261,618,643
LK-8212015,1308,658,650
LK-8212020,1015,503,512
LK-8212025,596,325,271
LK-8212030,759,383,376
LK-8212035,1223,590,633
LK-8212040,1209,603,606
LK-8212045,770,390,380
LK-8212050,662,345,317
LK-8212055,1412,716,696
LK-8212060,594,285,309
LK-8212065,684,339,345
LK-8212070,890,440,450
LK-8212075,755,374,381
LK-8212080,1393,690,703
LK-8212085,719,378,341
LK-8212090,845,439,406
LK-8212095,1108,570,538
LK-8212100,1022,498,524
LK-8212105,946,463,483
LK-8212110,626,318,308
LK-8212115,1437,737,700
LK-8212120,915,541,374
LK-8212125,1202,608,594
LK-8212130,2094,1080,1014
LK-8212135,1407,711,696
LK-8212140,1220,582,638
LK-8212145,1022,539,483
LK-8212150,947,478,469
LK-8212155,1108,543,565
LK-8212160,2343,1151,1192
LK-8212165,1225,602,623
LK-8212170,729,371,358
LK-8212175,749,360,389
LK-8212180,1504,744,760
LK-8212185,1122,579,543
LK-8212190,1081,516,565
LK-8212195,890,441,449
LK-8212200,1052,518,534
LK-8212205,1335,672,663
LK-8212210,1784,906,878
LK-8212215,1238,617,621
LK-8212220,980,501,479
LK-8212225,1574,797,777
LK-8212230,1624,846,778
LK-8212235,959,456,503
LK-8212240,1690,850,840
LK-8215,49520,24857,24663
LK-8215005,1516,733,783
LK-8215010,1314,655,659
LK-8215015,780,382,398
LK-8215020,930,455,475
LK-8215025,2248,1145,1103
LK-8215030,1361,674,687
LK-8215035,1794,897,897
LK-8215040,1912,925,987
LK-8215045,2559,1289,1270
LK-8215050,1981,956,1025
LK-8215055,2531,1336,1195
LK-8215060,1754,899,855
LK-8215065,1073,535,538
LK-8215070,1664,789,875
LK-8215075,858,434,424
LK-8215080,1760,845,915
LK-8215085,2461,1232,1229
LK-8215090,3922,2078,1844
LK-8215095,5082,2504,2578
LK-8215100,2251,1128,1123
LK-8215105,2468,1267,1201
LK-8215110,2411,1228,1183
LK-8215115,1442,718,724
LK-8215120,943,495,448
LK-8215125,1608,795,813
LK-8215130,897,463,434
LK-8218,40103,19409,20694
LK-8218005,545,266,279
LK-8218010,1043,512,531
LK-8218015,765,363,402
LK-8218020,456,225,231
LK-8218025,1102,548,554
LK-8218030,851,443,408
LK-8218035,914,459,455
LK-8218040,951,463,488
LK-8218045,720,352,368
LK-8218050,846,429,417
LK-8218055,1308,624,684
LK-8218060,734,346,388
LK-8218065,924,420,504
LK-8218070,1939,861,1078
LK-8218075,1220,567,653
LK-8218080,1687,875,812
LK-8218085,1125,554,571
LK-8218090,1358,668,690
LK-8218095,919,444,475
LK-8218100,1219,584,635
LK-8218105,1445,701,744
LK-8218110,891,424,467
LK-8218115,1164,578,586
LK-8218120,531,259,272
LK-8218125,842,429,413
LK-8218130,1179,579,600
LK-8218135,563,276,287
LK-8218140,1453,657,796
LK-8218145,1620,742,878
LK-8218150,534,250,284
LK-8218155,907,453,454
LK-8218160,453,210,243
LK-8218165,1182,581,601
LK-8218170,486,266,220
LK-8218175,519,269,250
LK-8218180,553,258,295
LK-8218185,827,388,439
LK-8218190,818,399,419
LK-8218195,469,230,239
LK-8218200,1438,683,755
LK-8218205,1603,774,829
LK-8221,60060,30005,30055
LK-8221005,1678,840,838
LK-8221010,1700,871,829
LK-8221015,1556,785,771
LK-8221020,2421,1189,1232
LK-8221025,1844,933,911
LK-8221030,1036,537,499
LK-8221035,1859,935,924
LK-8221040,4062,2093,1969
LK-8221045,1783,887,896
LK-8221050,1547,776,771
LK-8221055,5189,2548,2641
LK-8221060,2125,1068,1057
LK-8221065,2165,1087,1078
LK-8221070,1843,913,930
LK-8221075,1875,896,979
LK-8221080,2121,1055,1066
LK-8221085,1640,825,815
LK-8221090,2444,1147,1297
LK-8221095,2033,1042,991
LK-8221100,1419,682,737
LK-8221105,1319,648,671
LK-8221110,1614,841,773
LK-8221115,2956,1474,1482
LK-8221120,2236,1098,1138
LK-8221125,1186,571,615
LK-8221130,2637,1349,1288
LK-8221135,1337,683,654
LK-8221140,2265,1150,1115
LK-8221145,2170,1082,1088
LK-8224,53084,26730,26354
LK-8224005,1178,579,599
LK-8224010,1637,806,831
LK-8224015,2818,1384,1434
LK-8224020,2220,1100,1120
LK-8224025,2069,1071,998
LK-8224030,2245,1172,1073
LK-8224035,2019,991,1028
LK-8224040,1892,926,966
LK-8224045,1513,780,733
LK-8224050,1342,641,701
LK-8224055,1872,1003,869
LK-8224060,2282,1183,1099
LK-8224065,675,345,330
LK-8224070,1662,845,817
LK-8224075,1950,972,978
LK-8224080,2185,1126,1059
LK-8224085,1654,846,808
LK-8224090,1351,668,683
LK-8224095,2362,1145,1217
LK-8224100,1247,601,646
LK-8224105,2782,1378,1404
LK-8224110,1889,925,964
LK-8224115,1510,731,779
LK-8224120,1846,907,939
LK-8224125,1642,845,797
LK-8224130,1278,662,616
LK-8224135,1887,932,955
LK-8224140,1788,936,852
LK-8224145,2289,1230,1059
LK-8227,18220,9583,8637
LK-8227005,1924,1033,891
LK-8227010,3364,1792,1572
LK-8227015,4777,2612,2165
LK-8227020,4031,2013,2018
LK-8227025,4124,2133,1991
LK-8230,26683,13600,13083
LK-8230005,2406,1177,1229
LK-8230010,2854,1457,1397
LK-8230015,2159,1136,1023
LK-8230020,2429,1277,1152
LK-8230025,1979,1009,970
LK-8230030,1660,853,807
LK-8230035,1087,573,514
LK-8230040,2212,1131,1081
LK-8230045,914,461,453
LK-8230050,821,428,393
LK-8230055,1772,875,897
LK-8230060,1372,681,691
LK-8230065,3090,1564,1526
LK-8230070,1928,978,950
LK-8233,41900,20911,20989
LK-8233005,6442,3224,3218
LK-8233010,2621,1287,1334
LK-8233015,1788,858,930
LK-8233020,912,452,460
LK-8233025,696,360,336
LK-8233030,3101,1525,1576
LK-8233035,4795,2432,2363
LK-8233040,3322,1627,1695
LK-8233045,1682,845,837
LK-8233050,1495,723,772
LK-8233055,5423,2679,2744
LK-8233060,3460,1787,1673
LK-8233065,3119,1575,1544
LK-8233070,3044,1537,1507
LK-9,1928655,937221,991434
LK-91,1088007,536401,551606
LK-9103,88022,43122,44900
LK-9103005,3169,1510,1659
LK-9103010,1984,984,1000
LK-9103015,1536,738,798
LK-9103020,1627,803,824
LK-9103025,1423,687,736
LK-9103030,3736,1838,1898
LK-9103035,2478,1235,1243
LK-9103040,2505,1261,1244
LK-9103045,1305,658,647
LK-9103050,927,462,465
LK-9103055,683,334,349
LK-9103060,1400,685,715
LK-9103065,641,314,327
LK-9103070,809,404,405
LK-9103075,1096,549,547
LK-9103080,1524,738,786
LK-9103085,1709,843,866
LK-9103090,1157,582,575
LK-9103095,1260,634,626
LK-9103100,1525,746,779
LK-9103105,2085,980,1105
LK-9103110,1721,837,884
LK-9103115,2868,1414,1454
LK-9103120,2396,1211,1185
LK-9103125,1403,740,663
LK-9103130,899,450,449
LK-9103135,660,341,319
LK-9103140,3105,1511,1594
LK-9103141,2318,1145,1173
LK-9103142,2298,1113,1185
LK-9103143,3088,1463,1625
LK-9103144,2142,1039,1103
LK-9103145,990,487,503
LK-9103146,2873,1442,1431
LK-9103147,3480,1653,1827
LK-9103148,2545,1219,1326
LK-9103149,1798,906,892
LK-9103150,1305,620,685
LK-9103155,1795,866,929
LK-9103160,1347,655,692
LK-9103165,580,280,300
LK-9103170,1430,706,724
LK-9103175,903,443,460
LK-9103180,2475,1201,1274
LK-9103185,1216,587,629
LK-9103190,1831,907,924
LK-9103195,1098,557,541
LK-9103200,1266,616,650
LK-9103205,1415,687,728
LK-9103220,2198,1041,1157
LK-9106,75104,37628,37476
LK-9106020,3246,1560,1686
LK-9106045,3552,1747,1805
LK-9106050,2850,1457,1393
LK-9106055,1820,929,891
LK-9106060,1533,800,733
LK-9106065,937,488,449
LK-9106070,1800,911,889
LK-9106075,2137,1048,1089
LK-9106080,1495,745,750
LK-9106085,2345,1133,1212
LK-9106090,1918,951,967
LK-9106095,3740,1865,1875
LK-9106105,1157,601,556
LK-9106110,2040,1022,1018
LK-9106115,2480,1207,1273
LK-9106120,2593,1298,1295
LK-9106125,2330,1182,1148
LK-9106130,1655,814,841
LK-9106135,777,376,401
LK-9106140,1722,883,839
LK-9106145,2694,1319,1375
LK-9106150,4385,2229,2156
LK-9106155,2762,1674,1088
LK-9106160,2165,1018,1147
LK-9106165,4500,2301,2199
LK-9106170,2974,1482,1492
LK-9106175,1272,588,684
LK-9106180,3704,1812,1892
LK-9106185,3700,1812,1888
LK-9106190,2452,1194,1258
LK-9106195,2369,1182,1187
LK-9109,35972,17741,18231
LK-9109005,2033,987,1046
LK-9109010,3310,1609,1701
LK-9109015,739,369,370
LK-9109020,2315,1114,1201
LK-9109025,1765,885,880
LK-9109030,1351,635,716
LK-9109035,1182,582,600
LK-9109040,1080,544,536
LK-9109045,1577,809,768
LK-9109050,817,396,421
LK-9109051,1821,901,920
LK-9109052,1538,752,786
LK-9109055,2491,1200,1291
LK-9109060,1169,578,591
LK-9109065,2413,1214,1199
LK-9109070,3386,1679,1707
LK-9109075,3298,1639,1659
LK-9109080,2723,1385,1338
LK-9109085,964,463,501
LK-9112,120212,59039,61173
LK-9112005,1656,845,811
LK-9112010,1309,653,656
LK-9112015,1439,717,722
LK-9112020,1022,504,518
LK-9112025,1108,536,572
LK-9112030,1095,557,538
LK-9112035,2664,1341,1323
LK-9112040,2354,1127,1227
LK-9112045,2610,1237,1373
LK-9112050,1597,773,824
LK-9112055,1819,928,891
LK-9112060,4793,2286,2507
LK-9112065,1673,842,831
LK-9112070,2156,1107,1049
LK-9112075,1923,958,965
LK-9112080,1113,544,569
LK-9112085,3070,1542,1528
LK-9112090,1908,923,985
LK-9112095,2797,1448,1349
LK-9112100,2381,1206,1175
LK-9112105,6689,3288,3401
LK-9112110,979,469,510
LK-9112115,2660,1315,1345
LK-9112120,2996,1473,1523
LK-9112125,2084,1008,1076
LK-9112130,1955,965,990
LK-9112135,870,419,451
LK-9112140,910,465,445
LK-9112145,2039,1025,1014
LK-9112150,788,413,375
LK-9112155,1076,548,528
LK-9112160,1275,663,612
LK-9112165,872,436,436
LK-9112170,1080,516,564
LK-9112175,2374,1202,1172
LK-9112180,4332,2124,2208
LK-9112185,5019,2212,2807
LK-9112190,2806,1402,1404
LK-9112195,3079,1369,1710
LK-9112200,1106,535,571
LK-9112205,3353,1603,1750
LK-9112210,5499,2728,2771
LK-9112215,1502,741,761
LK-9112220,2792,1420,1372
LK-9112225,1796,950,846
LK-9112230,3373,1623,1750
LK-9112235,3015,1482,1533
LK-9112240,1983,972,1011
LK-9112245,2373,1147,1226
LK-9112250,1989,1013,976
LK-9112255,2224,1089,1135
LK-9112260,2512,1235,1277
LK-9112265,2325,1115,1210
LK-9115,59477,28697,30780
LK-9115005,853,425,428
LK-9115010,819,413,406
LK-9115015,624,303,321
LK-9115020,579,295,284
LK-9115025,1018,491,527
LK-9115030,1258,583,675
LK-9115035,1527,730,797
LK-9115040,1298,639,659
LK-9115045,3202,1505,1697
LK-9115050,1649,805,844
LK-9115055,648,320,328
LK-9115060,475,223,252
LK-9115065,1080,517,563
LK-9115070,677,351,326
LK-9115075,902,462,440
LK-9115080,3416,1380,2036
LK-9115085,1026,498,528
LK-9115090,340,171,169
LK-9115095,597,296,301
LK-9115100,485,234,251
LK-9115105,496,252,244
LK-9115110,462,237,225
LK-9115115,745,360,385
LK-9115120,933,471,462
LK-9115125,1099,567,532
LK-9115130,1170,595,575
LK-9115135,933,462,471
LK-9115140,1659,813,846
LK-9115145,1782,870,912
LK-9115150,992,483,509
LK-9115155,1149,590,559
LK-9115160,1165,573,592
LK-9115165,1022,476,546
LK-9115170,1182,578,604
LK-9115175,815,391,424
LK-9115180,859,396,463
LK-9115185,1795,875,920
LK-9115190,1018,518,500
LK-9115195,850,432,418
LK-9115200,1043,498,545
LK-9115205,1106,540,566
LK-9115210,1044,525,519
LK-9115215,1255,596,659
LK-9115220,3202,1520,1682
LK-9115225,1128,551,577
LK-9115230,3217,1509,1708
LK-9115235,1371,646,725
LK-9115240,2060,1021,1039
LK-9115245,1001,489,512
LK-9115250,451,222,229
LK-9118,81563,39754,41809
LK-9118005,1771,883,888
LK-9118010,1637,799,838
LK-9118015,932,477,455
LK-9118020,1154,543,611
LK-9118025,5512,2617,2895
LK-9118030,4091,1953,2138
LK-9118035,1138,570,568
LK-9118040,1018,511,507
LK-9118045,1368,666,702
LK-9118050,357,175,182
LK-9118055,549,282,267
LK-9118060,1483,736,747
LK-9118065,1036,538,498
LK-9118070,779,368,411
LK-9118075,729,357,372
LK-9118080,840,417,423
LK-9118085,602,299,303
LK-9118090,1737,883,854
LK-9118095,789,387,402
LK-9118100,799,416,383
LK-9118105,632,296,336
LK-9118110,1210,600,610
LK-9118115,1417,680,737
LK-9118120,1495,722,773
LK-9118125,3985,1930,2055
LK-9118130,4741,2283,2458
LK-9118135,2136,1085,1051
LK-9118140,3821,1824,1997
LK-9118145,1383,675,708
LK-9118150,1295,577,718
LK-9118155,1954,935,1019
LK-9118160,1799,912,887
LK-9118165,1216,601,615
LK-9118170,2326,1141,1185
LK-9118175,1490,739,751
LK-9118180,897,421,476
LK-9118185,2322,1157,1165
LK-9118190,910,427,483
LK-9118195,1236,557,679
LK-9118200,2019,936,1083
LK-9118205,2026,1009,1017
LK-9118210,1426,682,744
LK-9118215,1508,766,742
LK-9118220,922,440,482
LK-9118225,944,467,477
LK-9118230,553,275,278
LK-9118235,804,421,383
LK-9118240,1036,499,537
LK-9118245,705,342,363
LK-9118250,1732,878,854
LK-9118255,1095,554,541
LK-9118260,1189,576,613
LK-9118265,1018,470,548
LK-9121,26587,13087,13500
LK-9121005,1111,563,548
LK-9121010,1119,548,571
LK-9121015,1254,633,621
LK-9121020,1674,829,845
LK-9121025,676,324,352
LK-9121030,1378,646,732
LK-9121035,985,463,522
LK-9121040,973,466,507
LK-9121045,2477,1190,1287
LK-9121050,2214,1098,1116
LK-9121055,1842,917,925
LK-9121060,1259,627,632
LK-9121065,1256,640,616
LK-9121070,1164,581,583
LK-9121075,2025,1001,1024
LK-9121080,1224,639,585
LK-9121085,925,433,492
LK-9121090,1184,591,593
LK-9121095,1219,600,619
LK-9121100,628,298,330
LK-9124,89469,44351,45118
LK-9124005,1241,601,640
LK-9124010,1729,869,860
LK-9124015,4016,1997,2019
LK-9124020,1366,693,673
LK-9124025,2966,1510,1456
LK-9124030,1878,936,942
LK-9124035,2216,1088,1128
LK-9124040,1950,960,990
LK-9124045,2192,1051,1141
LK-9124050,1580,768,812
LK-9124055,1828,910,918
LK-9124060,3694,1833,1861
LK-9124065,2427,1171,1256
LK-9124070,2063,1009,1054
LK-9124075,3134,1597,1537
LK-9124080,2591,1300,1291
LK-9124085,1078,512,566
LK-9124090,2753,1432,1321
LK-9124095,2061,1018,1043
LK-9124100,1266,636,630
LK-9124105,2763,1381,1382
LK-9124110,3527,1693,1834
LK-9124115,3015,1544,1471
LK-9124120,1684,841,843
LK-9124125,2677,1355,1322
LK-9124130,1887,959,928
LK-9124135,1213,583,630
LK-9124140,1308,629,679
LK-9124145,2813,1396,1417
LK-9124150,2099,1025,1074
LK-9124155,2224,1100,1124
LK-9124160,3139,1543,1596
LK-9124165,5596,2768,2828
LK-9124170,3151,1607,1544
LK-9124175,2466,1170,1296
LK-9124180,2763,1346,1417
LK-9124185,3115,1520,1595
LK-9127,37853,18862,18991
LK-9127005,1353,676,677
LK-9127010,2035,1007,1028
LK-9127015,1767,894,873
LK-9127020,2104,1057,1047
LK-9127025,2241,1142,1099
LK-9127030,1973,985,988
LK-9127035,1847,914,933
LK-9127040,1615,820,795
LK-9127045,1300,629,671
LK-9127050,2611,1328,1283
LK-9127055,2041,1036,1005
LK-9127060,1652,798,854
LK-9127065,1617,819,798
LK-9127070,2298,1125,1173
LK-9127075,2386,1190,1196
LK-9127080,1836,921,915
LK-9127085,1447,710,737
LK-9127090,1337,676,661
LK-9127095,1981,971,1010
LK-9127100,2412,1164,1248
LK-9130,30894,15500,15394
LK-9130005,2397,1198,1199
LK-9130010,1622,828,794
LK-9130015,996,508,488
LK-9130020,1800,889,911
LK-9130025,1392,713,679
LK-9130030,2331,1180,1151
LK-9130035,2091,1097,994
LK-9130040,1091,552,539
LK-9130045,1187,559,628
LK-9130050,1040,494,546
LK-9130055,1770,908,862
LK-9130060,1409,705,704
LK-9130065,865,426,439
LK-9130070,1123,560,563
LK-9130075,2031,997,1034
LK-9130080,1089,542,547
LK-9130085,794,393,401
LK-9130090,2044,1049,995
LK-9130095,1260,623,637
LK-9130100,1442,734,708
LK-9130105,1120,545,575
LK-9133,51307,25607,25700
LK-9133005,2151,1099,1052
LK-9133010,1217,615,602
LK-9133015,1422,692,730
LK-9133020,2107,1026,1081
LK-9133025,2026,1016,1010
LK-9133030,2093,1041,1052
LK-9133035,2498,1184,1314
LK-9133040,1785,860,925
LK-9133045,1123,533,590
LK-9133050,1179,568,611
LK-9133055,794,407,387
LK-9133060,1839,940,899
LK-9133065,1295,662,633
LK-9133070,1663,839,824
LK-9133075,2863,1413,1450
LK-9133080,1962,983,979
LK-9133085,1493,755,738
LK-9133090,1565,770,795
LK-9133095,1284,660,624
LK-9133100,901,449,452
LK-9133105,1116,569,547
LK-9133110,1181,605,576
LK-9133115,1408,717,691
LK-9133120,2132,1075,1057
LK-9133125,1349,635,714
LK-9133130,2582,1297,1285
LK-9133135,1502,722,780
LK-9133140,1146,595,551
LK-9133145,818,430,388
LK-9133150,1364,676,688
LK-9133155,1441,743,698
LK-9133160,890,465,425
LK-9133165,1118,566,552
LK-9136,60130,29944,30186
LK-9136005,2295,1135,1160
LK-9136010,3437,1707,1730
LK-9136015,2699,1343,1356
LK-9136020,1937,975,962
LK-9136025,1790,935,855
LK-9136030,1852,889,963
LK-9136035,1587,793,794
LK-9136040,1827,921,906
LK-9136045,2913,1433,1480
LK-9136050,2880,1385,1495
LK-9136055,2384,1192,1192
LK-9136060,2066,1048,1018
LK-9136065,3863,1950,1913
LK-9136070,2975,1465,1510
LK-9136075,2349,1179,1170
LK-9136080,2156,1087,1069
LK-9136085,1945,980,965
LK-9136090,1686,848,838
LK-9136095,4486,2231,2255
LK-9136100,3340,1646,1694
LK-9136105,1740,876,864
LK-9136110,2447,1239,1208
LK-9136115,5015,2445,2570
LK-9136120,461,242,219
LK-9139,43298,21289,22009
LK-9139005,3815,1912,1903
LK-9139010,2276,1097,1179
LK-9139015,1231,627,604
LK-9139020,3769,1831,1938
LK-9139025,1414,695,719
LK-9139030,3409,1663,1746
LK-9139035,1632,765,867
LK-9139040,2032,1002,1030
LK-9139045,1551,784,767
LK-9139050,2475,1232,1243
LK-9139055,2583,1267,1316
LK-9139060,829,389,440
LK-9139065,3097,1514,1583
LK-9139070,1396,670,726
LK-9139075,1832,903,929
LK-9139080,3145,1547,1598
LK-9139085,1120,590,530
LK-9139090,2286,1112,1174
LK-9139095,1050,539,511
LK-9139100,1836,874,962
LK-9139105,520,276,244
LK-9142,76469,37296,39173
LK-9142005,3370,1644,1726
LK-9142010,2209,1117,1092
LK-9142015,2106,915,1191
LK-9142020,1072,505,567
LK-9142025,1359,667,692
LK-9142030,1331,681,650
LK-9142035,897,466,431
LK-9142040,1602,809,793
LK-9142045,930,471,459
LK-9142050,1306,641,665
LK-9142055,3352,1656,1696
LK-9142060,1548,750,798
LK-9142065,1904,941,963
LK-9142070,2020,1002,1018
LK-9142075,1118,534,584
LK-9142080,1398,661,737
LK-9142085,1973,989,984
LK-9142090,1184,580,604
LK-9142095,1901,900,1001
LK-9142100,1015,490,525
LK-9142105,695,325,370
LK-9142110,956,495,461
LK-9142115,1455,719,736
LK-9142120,1665,807,858
LK-9142125,2001,979,1022
LK-9142130,1038,518,520
LK-9142135,2123,1019,1104
LK-9142140,737,369,368
LK-9142145,1386,687,699
LK-9142150,1105,529,576
LK-9142155,4184,2027,2157
LK-9142160,1920,907,1013
LK-9142165,4171,1984,2187
LK-9142170,2509,1234,1275
LK-9142175,3136,1462,1674
LK-9142180,2542,1256,1286
LK-9142185,2200,1088,1112
LK-9142190,1465,735,730
LK-9142195,1482,711,771
LK-9142200,1046,531,515
LK-9142205,2234,1107,1127
LK-9142210,1055,503,552
LK-9142215,1133,552,581
LK-9142220,636,333,303
LK-9145,30983,15423,15560
LK-9145005,998,503,495
LK-9145010,1067,548,519
LK-9145015,864,430,434
LK-9145020,1087,512,575
LK-9145025,753,355,398
LK-9145030,965,467,498
LK-9145035,955,479,476
LK-9145040,517,282,235
LK-9145045,1421,691,730
LK-9145050,1193,596,597
LK-9145055,1106,549,557
LK-9145060,814,408,406
LK-9145065,522,285,237
LK-9145070,858,461,397
LK-9145075,947,475,472
LK-9145080,1167,565,602
LK-9145085,815,419,396
LK-9145090,1082,533,549
LK-9145095,1027,504,523
LK-9145100,1137,537,600
LK-9145105,863,423,440
LK-9145110,1032,493,539
LK-9145115,709,356,353
LK-9145120,1098,518,580
LK-9145125,1510,761,749
LK-9145130,1500,772,728
LK-9145135,1183,577,606
LK-9145140,856,427,429
LK-9145145,2139,1109,1030
LK-9145150,798,388,410
LK-9148,134713,66264,68449
LK-9148005,2183,1015,1168
LK-9148010,1861,873,988
LK-9148015,2134,1064,1070
LK-9148020,2940,1430,1510
LK-9148025,2540,1208,1332
LK-9148030,3574,1758,1816
LK-9148035,3167,1524,1643
LK-9148040,1721,866,855
LK-9148045,2536,1208,1328
LK-9148050,3907,1900,2007
LK-9148055,3138,1527,1611
LK-9148060,5169,2509,2660
LK-9148065,3178,1589,1589
LK-9148070,3255,1623,1632
LK-9148075,2186,1077,1109
LK-9148080,2435,1235,1200
LK-9148085,5085,2518,2567
LK-9148090,3126,1583,1543
LK-9148095,2562,1263,1299
LK-9148100,3442,1728,1714
LK-9148105,4387,2148,2239
LK-9148110,4196,2088,2108
LK-9148115,5655,2820,2835
LK-9148120,5232,2580,2652
LK-9148125,5657,2745,2912
LK-9148130,2726,1318,1408
LK-9148135,2407,1179,1228
LK-9148140,2496,1240,1256
LK-9148145,2490,1259,1231
LK-9148150,2277,1123,1154
LK-9148155,2394,1147,1247
LK-9148160,2683,1307,1376
LK-9148165,4051,2003,2048
LK-9148170,4632,2383,2249
LK-9148175,2855,1399,1456
LK-9148180,5499,2719,2780
LK-9148185,4236,2091,2145
LK-9148190,4247,2083,2164
LK-9148195,2283,1121,1162
LK-9148200,4171,2013,2158
LK-9151,45954,22797,23157
LK-9151005,2305,1092,1213
LK-9151010,2118,1071,1047
LK-9151015,785,390,395
LK-9151020,1012,489,523
LK-9151025,817,409,408
LK-9151030,1316,672,644
LK-9151035,619,322,297
LK-9151040,455,245,210
LK-9151045,1975,1001,974
LK-9151050,1666,773,893
LK-9151055,2508,1252,1256
LK-9151060,1835,936,899
LK-9151065,1942,988,954
LK-9151070,3057,1537,1520
LK-9151075,2909,1414,1495
LK-9151080,1552,802,750
LK-9151085,1482,736,746
LK-9151090,1278,639,639
LK-9151095,2368,1158,1210
LK-9151100,2830,1350,1480
LK-9151105,1221,608,613
LK-9151110,1393,695,698
LK-9151115,682,335,347
LK-9151120,1170,589,581
LK-9151125,1601,777,824
LK-9151130,1030,501,529
LK-9151135,769,400,369
LK-9151140,1536,773,763
LK-9151145,1723,843,880
LK-92,840648,400820,439828
LK-9203,82769,38929,43840
LK-9203005,520,240,280
LK-9203010,405,176,229
LK-9203015,557,273,284
LK-9203020,646,301,345
LK-9203025,511,244,267
LK-9203030,1092,528,564
LK-9203035,1049,480,569
LK-9203040,851,377,474
LK-9203045,440,195,245
LK-9203050,894,452,442
LK-9203055,725,324,401
LK-9203060,626,286,340
LK-9203065,568,278,290
LK-9203070,496,220,276
LK-9203075,859,381,478
LK-9203080,458,201,257
LK-9203085,466,218,248
LK-9203090,1304,603,701
LK-9203095,486,229,257
LK-9203100,577,274,303
LK-9203105,1223,561,662
LK-9203110,873,408,465
LK-9203115,656,322,334
LK-9203120,983,433,550
LK-9203125,683,310,373
LK-9203130,1113,489,624
LK-9203135,687,327,360
LK-9203140,952,448,504
LK-9203145,674,328,346
LK-9203150,1071,549,522
LK-9203155,607,295,312
LK-9203160,809,356,453
LK-9203165,1077,545,532
LK-9203170,1381,667,714
LK-9203175,1373,669,704
LK-9203180,750,354,396
LK-9203185,568,286,282
LK-9203190,601,284,317
LK-9203195,726,351,375
LK-9203200,942,446,496
LK-9203205,2678,1279,1399
LK-9203210,1224,562,662
LK-9203215,896,494,402
LK-9203220,750,359,391
LK-9203225,865,401,464
LK-9203230,751,346,405
LK-9203235,287,142,145
LK-9203240,1573,721,852
LK-9203245,790,369,421
LK-9203250,748,329,419
LK-9203255,534,252,282
LK-9203260,1256,602,654
LK-9203265,427,191,236
LK-9203270,1465,703,762
LK-9203275,1436,683,753
LK-9203280,839,390,449
LK-9203285,650,306,344
LK-9203290,708,324,384
LK-9203295,1565,715,850
LK-9203300,2502,1184,1318
LK-9203305,787,343,444
LK-9203310,1791,833,958
LK-9203315,1296,594,702
LK-9203320,558,258,300
LK-9203325,1321,600,721
LK-9203330,1063,498,565
LK-9203335,807,373,434
LK-9203340,1095,519,576
LK-9203345,1115,529,586
LK-9203350,518,236,282
LK-9203355,1048,476,572
LK-9203360,612,281,331
LK-9203365,852,373,479
LK-9203370,1160,551,609
LK-9203375,853,395,458
LK-9203380,1175,578,597
LK-9203385,661,298,363
LK-9203390,1421,706,715
LK-9203395,870,400,470
LK-9203400,800,385,415
LK-9203405,899,419,480
LK-9203410,623,304,319
LK-9203415,1084,514,570
LK-9203420,650,301,349
LK-9203425,1260,585,675
LK-9203430,911,439,472
LK-9203435,1796,828,968
LK-9203440,953,466,487
LK-9203445,1567,787,780
LK-9206,111727,52665,59062
LK-9206005,1477,709,768
LK-9206010,960,468,492
LK-9206015,1890,897,993
LK-9206020,917,447,470
LK-9206025,1499,695,804
LK-9206030,1869,913,956
LK-9206035,963,451,512
LK-9206040,1433,683,750
LK-9206045,2420,1134,1286
LK-9206050,1693,797,896
LK-9206055,2057,959,1098
LK-9206060,1351,633,718
LK-9206065,810,371,439
LK-9206070,1872,879,993
LK-9206075,1828,872,956
LK-9206080,3633,1776,1857
LK-9206085,3876,1869,2007
LK-9206090,1485,672,813
LK-9206095,1307,640,667
LK-9206100,1457,704,753
LK-9206105,1580,743,837
LK-9206110,2154,1011,1143
LK-9206115,2521,1199,1322
LK-9206120,1412,657,755
LK-9206125,4833,2180,2653
LK-9206130,1537,720,817
LK-9206135,1293,639,654
LK-9206140,1096,515,581
LK-9206145,3008,1380,1628
LK-9206150,1286,646,640
LK-9206155,1276,612,664
LK-9206160,2960,1380,1580
LK-9206165,1760,829,931
LK-9206170,3258,1591,1667
LK-9206175,1829,853,976
LK-9206180,729,333,396
LK-9206185,1338,623,715
LK-9206190,1814,840,974
LK-9206195,2607,1177,1430
LK-9206200,1584,750,834
LK-9206205,1287,648,639
LK-9206210,1938,925,1013
LK-9206215,901,437,464
LK-9206220,954,444,510
LK-9206225,1101,540,561
LK-9206230,1415,672,743
LK-9206235,1782,835,947
LK-9206240,1129,540,589
LK-9206245,1220,614,606
LK-9206250,836,394,442
LK-9206255,902,411,491
LK-9206260,1923,899,1024
LK-9206265,537,248,289
LK-9206270,1078,487,591
LK-9206275,1176,556,620
LK-9206280,1013,495,518
LK-9206285,546,259,287
LK-9206290,602,276,326
LK-9206295,1338,639,699
LK-9206300,1429,625,804
LK-9206305,1889,888,1001
LK-9206310,1000,450,550
LK-9206315,1373,636,737
LK-9206320,1021,507,514
LK-9206325,533,255,278
LK-9206330,740,357,383
LK-9206335,1990,935,1055
LK-9206340,1012,470,542
LK-9206345,1599,747,852
LK-9206350,2200,958,1242
LK-9206355,591,271,320
LK-9209,68464,32163,36301
LK-9209005,1181,536,645
LK-9209010,1188,543,645
LK-9209015,1001,467,534
LK-9209020,1178,572,606
LK-9209025,1220,574,646
LK-9209030,1138,549,589
LK-9209035,800,388,412
LK-9209040,1055,499,556
LK-9209045,1365,650,715
LK-9209050,1166,556,610
LK-9209055,1351,630,721
LK-9209060,1008,459,549
LK-9209065,1075,507,568
LK-9209070,1094,519,575
LK-9209075,1523,720,803
LK-9209080,1611,771,840
LK-9209085,1157,537,620
LK-9209090,779,381,398
LK-9209095,983,484,499
LK-9209100,1097,512,585
LK-9209105,865,409,456
LK-9209110,1662,771,891
LK-9209115,1299,621,678
LK-9209120,696,323,373
LK-9209125,1408,678,730
LK-9209130,1377,623,754
LK-9209135,961,449,512
LK-9209140,1026,465,561
LK-9209145,1726,807,919
LK-9209150,1073,513,560
LK-9209155,1604,724,880
LK-9209160,1329,636,693
LK-9209165,1127,517,610
LK-9209170,2322,1039,1283
LK-9209175,1221,572,649
LK-9209180,1237,584,653
LK-9209185,1062,494,568
LK-9209190,785,394,391
LK-9209195,720,366,354
LK-9209200,854,431,423
LK-9209205,1269,586,683
LK-9209210,951,428,523
LK-9209215,1316,591,725
LK-9209220,2129,939,1190
LK-9209225,789,380,409
LK-9209230,992,479,513
LK-9209235,979,466,513
LK-9209240,1125,594,531
LK-9209245,899,401,498
LK-9209250,873,371,502
LK-9209255,1269,637,632
LK-9209260,965,489,476
LK-9209265,622,308,314
LK-9209270,984,439,545
LK-9209275,1015,468,547
LK-9209280,813,354,459
LK-9209285,1396,639,757
LK-9209290,894,430,464
LK-9209295,760,360,400
LK-9209300,542,258,284
LK-9209305,558,276,282
LK-9212,90854,43127,47727
LK-9212005,1808,887,921
LK-9212010,1469,702,767
LK-9212015,1229,572,657
LK-9212020,1592,746,846
LK-9212025,1084,515,569
LK-9212030,966,445,521
LK-9212035,2174,997,1177
LK-9212040,4650,2268,2382
LK-9212045,1847,889,958
LK-9212050,1521,737,784
LK-9212055,4487,2002,2485
LK-9212060,2030,994,1036
LK-9212065,1623,795,828
LK-9212070,1812,900,912
LK-9212075,1998,964,1034
LK-9212080,2205,1188,1017
LK-9212085,4651,2159,2492
LK-9212090,1199,582,617
LK-9212095,1594,762,832
LK-9212100,1112,524,588
LK-9212105,1151,537,614
LK-9212110,1713,804,909
LK-9212115,1350,660,690
LK-9212120,2531,1231,1300
LK-9212125,1361,621,740
LK-9212130,1245,582,663
LK-9212135,1302,619,683
LK-9212140,1320,620,700
LK-9212145,1634,778,856
LK-9212150,1121,543,578
LK-9212155,1349,638,711
LK-9212160,1171,563,608
LK-9212165,1558,740,818
LK-9212170,1224,570,654
LK-9212175,1242,589,653
LK-9212180,1457,661,796
LK-9212185,1060,485,575
LK-9212190,1196,573,623
LK-9212195,1512,699,813
LK-9212200,1241,579,662
LK-9212205,1107,524,583
LK-9212210,1937,935,1002
LK-9212215,1152,541,611
LK-9212220,991,471,520
LK-9212225,1400,678,722
LK-9212230,991,468,523
LK-9212235,960,445,515
LK-9212240,936,439,497
LK-9212245,806,365,441
LK-9212250,787,364,423
LK-9212255,1169,562,607
LK-9212260,807,371,436
LK-9212265,875,410,465
LK-9212270,1077,498,579
LK-9212275,1016,511,505
LK-9212280,1041,489,552
LK-9212285,1001,462,539
LK-9212290,985,441,544
LK-9212295,1427,670,757
LK-9212300,1118,536,582
LK-9212305,482,227,255
LK-9215,74490,35581,38909
LK-9215005,1730,827,903
LK-9215010,1770,824,946
LK-9215015,1904,879,1025
LK-9215020,1290,635,655
LK-9215025,1278,613,665
LK-9215030,1109,539,570
LK-9215035,1798,866,932
LK-9215040,1333,607,726
LK-9215045,1410,663,747
LK-9215050,986,464,522
LK-9215055,2015,955,1060
LK-9215060,1504,702,802
LK-9215065,1346,638,708
LK-9215070,1282,626,656
LK-9215075,821,406,415
LK-9215080,1505,725,780
LK-9215085,1532,718,814
LK-9215090,1561,750,811
LK-9215095,1825,873,952
LK-9215100,2057,1057,1000
LK-9215105,1475,706,769
LK-9215110,1321,639,682
LK-9215115,1330,596,734
LK-9215120,1728,842,886
LK-9215125,2552,1208,1344
LK-9215130,1244,604,640
LK-9215135,1833,878,955
LK-9215140,1825,868,957
LK-9215145,1418,661,757
LK-9215150,2110,980,1130
LK-9215155,1282,600,682
LK-9215160,936,454,482
LK-9215165,940,447,493
LK-9215170,1512,740,772
LK-9215175,2387,1148,1239
LK-9215180,1037,487,550
LK-9215185,1109,543,566
LK-9215190,1541,713,828
LK-9215195,1239,606,633
LK-9215200,1576,755,821
LK-9215205,955,445,510
LK-9215210,1155,531,624
LK-9215215,957,472,485
LK-9215220,2160,1051,1109
LK-9215225,1211,589,622
LK-9215230,1553,730,823
LK-9215235,1133,557,576
LK-9215240,1799,886,913
LK-9215245,1047,507,540
LK-9215250,782,353,429
LK-9215255,1287,618,669
LK-9218,113056,54179,58877
LK-9218005,1634,813,821
LK-9218010,823,383,440
LK-9218015,1275,607,668
LK-9218020,2059,958,1101
LK-9218025,1775,855,920
LK-9218030,836,413,423
LK-9218035,1861,894,967
LK-9218040,887,425,462
LK-9218045,3205,1490,1715
LK-9218050,798,378,420
LK-9218055,763,376,387
LK-9218060,948,469,479
LK-9218065,1222,582,640
LK-9218070,1349,654,695
LK-9218075,912,432,480
LK-9218080,725,358,367
LK-9218085,763,354,409
LK-9218090,1390,634,756
LK-9218095,2270,1086,1184
LK-9218100,3497,1732,1765
LK-9218105,4267,2066,2201
LK-9218110,1240,591,649
LK-9218115,2337,1125,1212
LK-9218120,2753,1307,1446
LK-9218125,1117,536,581
LK-9218130,2080,1004,1076
LK-9218135,2325,1088,1237
LK-9218140,1707,801,906
LK-9218145,1301,610,691
LK-9218150,1122,534,588
LK-9218155,949,442,507
LK-9218160,918,425,493
LK-9218165,1481,690,791
LK-9218170,3783,1927,1856
LK-9218175,2405,1146,1259
LK-9218180,2377,1171,1206
LK-9218185,715,343,372
LK-9218190,1659,780,879
LK-9218195,837,370,467
LK-9218200,1101,528,573
LK-9218205,730,360,370
LK-9218210,1415,684,731
LK-9218215,2034,971,1063
LK-9218220,1159,569,590
LK-9218225,1563,741,822
LK-9218230,1540,745,795
LK-9218235,1016,478,538
LK-9218240,1152,550,602
LK-9218245,1378,653,725
LK-9218250,1898,903,995
LK-9218255,1059,483,576
LK-9218260,402,199,203
LK-9218265,1615,808,807
LK-9218270,1689,800,889
LK-9218275,1190,571,619
LK-9218280,512,240,272
LK-9218285,1547,729,818
LK-9218290,1620,752,868
LK-9218295,1794,869,925
LK-9218300,1467,711,756
LK-9218305,925,445,480
LK-9218310,1865,898,967
LK-9218315,1016,468,548
LK-9218320,966,451,515
LK-9218325,2056,998,1058
LK-9218330,738,365,373
LK-9218335,769,386,383
LK-9218340,949,449,500
LK-9218345,1558,754,804
LK-9218350,1145,548,597
LK-9218355,1106,538,568
LK-9218360,694,322,372
LK-9218365,706,340,366
LK-9218370,1077,496,581
LK-9218375,1381,647,734
LK-9218380,1136,555,581
LK-9218385,1169,562,607
LK-9218390,1554,764,790
LK-9221,63913,30654,33259
LK-9221005,1623,755,868
LK-9221010,1133,538,595
LK-9221015,906,437,469
LK-9221020,1726,842,884
LK-9221025,1125,545,580
LK-9221030,1161,567,594
LK-9221035,1164,573,591
LK-9221040,2021,939,1082
LK-9221045,1011,486,525
LK-9221050,1800,828,972
LK-9221055,1847,898,949
LK-9221060,1456,685,771
LK-9221065,1711,828,883
LK-9221070,1739,821,918
LK-9221075,2574,1213,1361
LK-9221080,1662,816,846
LK-9221085,1951,959,992
LK-9221090,2739,1247,1492
LK-9221095,2512,1179,1333
LK-9221100,2865,1347,1518
LK-9221105,1141,549,592
LK-9221110,2252,1059,1193
LK-9221115,2208,1075,1133
LK-9221120,1525,756,769
LK-9221125,1312,625,687
LK-9221130,1297,622,675
LK-9221135,559,269,290
LK-9221140,1410,694,716
LK-9221145,1036,474,562
LK-9221150,1132,557,575
LK-9221155,1779,888,891
LK-9221160,1869,957,912
LK-9221165,3579,1749,1830
LK-9221170,2670,1250,1420
LK-9221175,755,363,392
LK-9221180,1165,574,591
LK-9221185,1826,868,958
LK-9221190,1672,822,850
LK-9224,47095,22490,24605
LK-9224005,1139,529,610
LK-9224010,1120,527,593
LK-9224015,810,385,425
LK-9224020,2407,1160,1247
LK-9224025,1359,656,703
LK-9224030,2385,1114,1271
LK-9224035,1258,561,697
LK-9224040,1856,898,958
LK-9224045,2576,1248,1328
LK-9224050,3797,1864,1933
LK-9224055,1841,897,944
LK-9224060,1796,845,951
LK-9224065,2898,1367,1531
LK-9224070,1698,794,904
LK-9224075,1220,596,624
LK-9224080,1479,715,764
LK-9224085,667,310,357
LK-9224090,1818,861,957
LK-9224095,2341,1118,1223
LK-9224100,1529,785,744
LK-9224105,1246,583,663
LK-9224110,1144,544,600
LK-9224115,2653,1254,1399
LK-9224120,2550,1216,1334
LK-9224125,1169,552,617
LK-9224130,1372,643,729
LK-9224135,967,468,499
LK-9227,61096,29449,31647
LK-9227005,4953,2316,2637
LK-9227010,2408,1125,1283
LK-9227015,3435,1672,1763
LK-9227020,2453,1117,1336
LK-9227025,1364,672,692
LK-9227030,3012,1463,1549
LK-9227035,1611,790,821
LK-9227040,2897,1407,1490
LK-9227045,2745,1330,1415
LK-9227050,1864,891,973
LK-9227055,1583,782,801
LK-9227060,2124,1086,1038
LK-9227065,1596,792,804
LK-9227070,1143,558,585
LK-9227075,1712,830,882
LK-9227080,1215,586,629
LK-9227085,1086,507,579
LK-9227090,1422,701,721
LK-9227095,1300,615,685
LK-9227100,1137,526,611
LK-9227105,1122,528,594
LK-9227110,1178,579,599
LK-9227115,1181,567,614
LK-9227120,2262,1107,1155
LK-9227125,2155,1063,1092
LK-9227130,1770,866,904
LK-9227135,2011,994,1017
LK-9227140,2043,976,1067
LK-9227145,1584,759,825
LK-9227150,1637,785,852
LK-9227155,1602,767,835
LK-9227160,1491,692,799
LK-9230,81315,39367,41948
LK-9230005,1652,805,847
LK-9230010,755,361,394
LK-9230015,1266,615,651
LK-9230020,1520,730,790
LK-9230025,3029,1452,1577
LK-9230030,4310,2079,2231
LK-9230035,2519,1247,1272
LK-9230040,3600,1780,1820
LK-9230045,1441,686,755
LK-9230050,3819,1877,1942
LK-9230055,932,464,468
LK-9230060,1703,825,878
LK-9230065,1075,507,568
LK-9230070,2695,1310,1385
LK-9230075,1922,938,984
LK-9230080,2753,1316,1437
LK-9230085,4445,2202,2243
LK-9230090,2580,1262,1318
LK-9230095,2106,1026,1080
LK-9230100,2962,1415,1547
LK-9230105,1760,843,917
LK-9230110,1056,522,534
LK-9230115,2692,1272,1420
LK-9230120,1453,705,748
LK-9230125,1512,731,781
LK-9230130,1643,801,842
LK-9230135,3406,1541,1865
LK-9230140,2584,1304,1280
LK-9230145,1136,530,606
LK-9230150,2466,1182,1284
LK-9230155,2107,1027,1080
LK-9230160,1791,829,962
LK-9230165,1688,837,851
LK-9230170,1996,997,999
LK-9230175,1529,715,814
LK-9230180,793,389,404
LK-9230185,1637,783,854
LK-9230190,1548,754,794
LK-9230195,1434,708,726
LK-9233,45869,22216,23653
LK-9233005,788,371,417
LK-9233010,1389,666,723
LK-9233015,1541,723,818
LK-9233020,1797,876,921
LK-9233025,2041,969,1072
LK-9233030,952,442,510
LK-9233035,2095,1035,1060
LK-9233040,4409,2095,2314
LK-9233045,2715,1311,1404
LK-9233050,1941,951,990
LK-9233055,1220,565,655
LK-9233060,1169,582,587
LK-9233065,1547,806,741
LK-9233070,1355,694,661
LK-9233075,1942,993,949
LK-9233080,2323,1124,1199
LK-9233085,1273,599,674
LK-9233090,2216,1047,1169
LK-9233095,2748,1257,1491
LK-9233100,1465,706,759
LK-9233105,1994,965,1029
LK-9233110,971,483,488
LK-9233115,2336,1119,1217
LK-9233120,1882,922,960
LK-9233125,1076,559,517
LK-9233130,684,356,328
Z-01,4182186,2029289,2152897
Z-02,4408348,2137379,2270969
Z-03,4043990,1963731,2080259
Z-04,3332626,1604046,1728580
Z-05,272646,131048,141598
Z-06,1855638,887253,968385
Z-07,150061,73969,76092
Z-08,720417,353192,367225
Z-09,1393527,676726,716801