ID,FIELD-0000,FIELD-0001,FIELD-0002
EC-01,640602,562550,78052
EC-01A,29942,27098,2844
EC-01B,43384,38733,4651
EC-01C,19471,17205,2266
EC-01D,26089,22029,4060
EC-01E,18178,13529,4649
EC-01F,26920,22352,4568
EC-01G,28169,24257,3912
EC-01H,49557,44663,4894
EC-01I,31664,27144,4520
EC-01J,75330,64791,10539
EC-01K,51067,45499,5568
EC-01L,69269,61505,7764
EC-01M,55533,49459,6074
EC-01N,70448,62653,7795
EC-01O,45581,41633,3948
EC-02,664029,598674,65355
EC-02A,47634,43170,4464
EC-02B,38834,34747,4087
EC-02C,79518,70553,8965
EC-02D,42853,38727,4126
EC-02E,47450,42952,4498
EC-02F,51036,46372,4664
EC-02G,49564,44924,4640
EC-02H,56420,51111,5309
EC-02I,59545,52897,6648
EC-02J,58063,52358,5705
EC-02K,43325,39369,3956
EC-02L,52986,48090,4896
EC-02M,36801,33404,3397
EC-03,337570,302371,35199
EC-03A,48132,44101,4031
EC-03B,44783,40458,4325
EC-03C,48412,42968,5444
EC-03D,29595,26136,3459
EC-03E,41537,36911,4626
EC-03F,42608,38308,4300
EC-03G,39317,35743,3574
EC-03H,43186,37746,5440
EC-04,384714,342911,41803
EC-04A,19935,17870,2065
EC-04B,53666,49043,4623
EC-04C,32409,28897,3512
EC-04D,22908,20365,2543
EC-04E,18460,16091,2369
EC-04F,35981,31816,4165
EC-04G,16766,14981,1785
EC-04H,17622,15486,2136
EC-04I,24320,21107,3213
EC-04J,29853,26980,2873
EC-04K,29874,27197,2677
EC-04L,23727,20675,3052
EC-04M,59193,52403,6790
EC-05,144091,128090,16001
EC-05A,51528,46033,5495
EC-05B,27549,24387,3162
EC-05C,29496,26464,3032
EC-05D,35518,31206,4312
EC-06,200067,178440,21627
EC-06A,113258,101482,11776
EC-06B,27982,25482,2500
EC-06C,27643,23872,3771
EC-06D,31184,27604,3580
EC-07,313412,271236,42176
EC-07A,19116,16868,2248
EC-07B,23374,20616,2758
EC-07C,29697,25235,4462
EC-07D,33911,29843,4068
EC-07E,31943,26080,5863
EC-07F,53446,46141,7305
EC-07G,28936,25282,3654
EC-07H,26037,22372,3665
EC-07I,36106,32029,4077
EC-07J,30846,26770,4076
EC-08,234362,205153,29209
EC-08A,35835,30255,5580
EC-08B,43133,37125,6008
EC-08C,34539,30583,3956
EC-08D,27188,24198,2990
EC-08E,28172,24980,3192
EC-08F,31281,27696,3585
EC-08G,34214,30316,3898
EC-09,179939,155716,24223
EC-09A,39557,34383,5174
EC-09B,21707,19132,2575
EC-09C,56513,49849,6664
EC-09D,62162,52352,9810
EC-10,189928,165177,24751
EC-10A,13462,9565,3897
EC-10B,12269,10781,1488
EC-10C,21359,18991,2368
EC-10D,13790,12154,1636
EC-10E,18269,16719,1550
EC-10F,12790,10998,1792
EC-10G,18486,15192,3294
EC-10H,18278,16016,2262
EC-10I,17637,16067,1570
EC-10J,11993,10486,1507
EC-10K,31595,28208,3387
EC-11,103955,89458,14497
EC-11A,27690,23338,4352
EC-11B,47680,41436,6244
EC-11C,28585,24684,3901
EC-12,154302,133436,20866
EC-12A,36760,31647,5113
EC-12B,36887,32182,4705
EC-12C,80655,69607,11048
EC-13,186773,163243,23530
EC-13A,58149,51908,6241
EC-13B,37650,32441,5209
EC-13C,41010,35288,5722
EC-13D,49964,43606,6358
EC-14,112636,95679,16957
EC-14A,56766,48621,8145
EC-14B,38362,32356,6006
EC-14C,17508,14702,2806
EC-15,492334,440517,51817
EC-15A,34917,31397,3520
EC-15B,36889,33133,3756
EC-15C,49553,44276,5277
EC-15D,37965,34302,3663
EC-15E,18968,16918,2050
EC-15F,29263,26489,2774
EC-15G,35889,31689,4200
EC-15H,38276,33731,4545
EC-15I,39453,35255,4198
EC-15J,35911,32458,3453
EC-15K,40482,36378,4104
EC-15L,48912,43546,5366
EC-15M,19007,17065,1942
EC-15N,26849,23880,2969
EC-16,232559,201364,31195
EC-16A,51677,44314,7363
EC-16B,33024,28711,4313
EC-16C,70621,61877,8744
EC-16D,35198,30744,4454
EC-16E,42039,35718,6321
EC-17,254339,229032,25307
EC-17A,27221,24582,2639
EC-17B,35501,32492,3009
EC-17C,28407,25659,2748
EC-17D,21801,19706,2095
EC-17E,51210,46030,5180
EC-17F,58072,51393,6679
EC-17G,32127,29170,2957
EC-18,123882,110326,13556
EC-18A,32854,29607,3247
EC-18B,31025,27945,3080
EC-18C,60003,52774,7229
EC-19,235944,211178,24766
EC-19A,38027,34158,3869
EC-19B,19650,17496,2154
EC-19C,23958,21033,2925
EC-19D,20620,18460,2160
EC-19E,26204,23530,2674
EC-19F,22425,20403,2022
EC-19G,27827,25507,2320
EC-19H,31535,28047,3488
EC-19I,25698,22544,3154
EC-20,138265,119503,18762
EC-20A,32993,28516,4477
EC-20B,42944,37221,5723
EC-20C,62328,53766,8562
EC-21,326169,284282,41887
EC-21A,57190,50812,6378
EC-21B,34461,30243,4218
EC-21C,25431,22765,2666
EC-21D,42703,37349,5354
EC-21E,41220,35836,5384
EC-21F,41888,36417,5471
EC-21G,27042,22130,4912
EC-21H,56234,48730,7504
EC-22,244375,219404,24971
EC-22A,32741,29344,3397
EC-22B,22020,19792,2228
EC-22C,26011,23561,2450
EC-22D,24277,22018,2259
EC-22E,31071,27935,3136
EC-22F,20710,18427,2283
EC-22G,31626,28443,3183
EC-22H,18367,16606,1761
EC-22I,37552,33278,4274
LK,5894247,5207740,686507
LK-1,1642201,1463595,178606
LK-11,640602,562550,78052
LK-1103,73326,65831,7495
LK-1103005,1818,1687,131
LK-1103010,6631,6143,488
LK-1103015,4231,3874,357
LK-1103020,3057,2821,236
LK-1103025,2028,1866,162
LK-1103030,3717,3164,553
LK-1103035,3125,2777,348
LK-1103040,3507,3199,308
LK-1103045,1828,1567,261
LK-1103050,2532,2113,419
LK-1103055,2104,1858,246
LK-1103060,1937,1666,271
LK-1103065,1750,1532,218
LK-1103070,2705,2501,204
LK-1103075,3975,3699,276
LK-1103080,1887,1659,228
LK-1103085,1574,1442,132
LK-1103090,2517,2266,251
LK-1103095,2770,2647,123
LK-1103100,1842,1676,166
LK-1103105,1381,1275,106
LK-1103110,1749,1442,307
LK-1103115,35,34,1
LK-1103120,142,130,12
LK-1103125,828,723,105
LK-1103130,762,715,47
LK-1103135,1499,1358,141
LK-1103140,885,783,102
LK-1103145,1552,1387,165
LK-1103150,1939,1709,230
LK-1103155,2065,1894,171
LK-1103160,1683,1501,182
LK-1103165,1038,910,128
LK-1103170,788,470,318
LK-1103175,1445,1343,102
LK-1106,49557,44663,4894
LK-1106005,1863,1750,113
LK-1106010,1721,1567,154
LK-1106015,644,535,109
LK-1106020,1343,1226,117
LK-1106025,502,473,29
LK-1106030,1276,1218,58
LK-1106035,2088,1874,214
LK-1106040,1182,1062,120
LK-1106045,1435,1237,198
LK-1106050,1951,1749,202
LK-1106055,953,861,92
LK-1106060,1357,1183,174
LK-1106065,1048,951,97
LK-1106070,738,668,70
LK-1106075,1122,1049,73
LK-1106080,941,831,110
LK-1106085,960,886,74
LK-1106090,878,785,93
LK-1106095,1012,921,91
LK-1106100,530,479,51
LK-1106105,815,764,51
LK-1106110,637,535,102
LK-1106115,1440,1328,112
LK-1106120,1030,947,83
LK-1106125,2382,2143,239
LK-1106130,791,727,64
LK-1106135,1169,1088,81
LK-1106140,872,776,96
LK-1106145,1318,1209,109
LK-1106150,1339,1254,85
LK-1106155,744,647,97
LK-1106160,573,518,55
LK-1106165,1781,1502,279
LK-1106170,700,634,66
LK-1106175,1056,981,75
LK-1106180,983,872,111
LK-1106185,935,799,136
LK-1106190,541,498,43
LK-1106195,684,637,47
LK-1106200,700,612,88
LK-1106205,1328,1207,121
LK-1106210,866,746,120
LK-1106215,727,633,94
LK-1106220,1041,895,146
LK-1106225,593,533,60
LK-1106230,968,873,95
LK-1109,75330,64791,10539
LK-1109005,1457,1257,200
LK-1109010,1106,995,111
LK-1109015,1218,1085,133
LK-1109020,1152,1060,92
LK-1109025,1212,1079,133
LK-1109030,1217,1066,151
LK-1109035,1119,998,121
LK-1109040,1462,1349,113
LK-1109045,1401,1244,157
LK-1109050,587,529,58
LK-1109055,1632,1495,137
LK-1109060,1592,1413,179
LK-1109065,903,811,92
LK-1109070,2169,1889,280
LK-1109075,1315,1108,207
LK-1109080,2712,2359,353
LK-1109085,765,694,71
LK-1109090,551,490,61
LK-1109095,1322,1197,125
LK-1109100,589,549,40
LK-1109105,564,491,73
LK-1109110,752,686,66
LK-1109115,2650,1940,710
LK-1109120,1538,1350,188
LK-1109125,1917,1570,347
LK-1109130,1482,1266,216
LK-1109135,1133,950,183
LK-1109140,816,695,121
LK-1109145,1990,1759,231
LK-1109150,2707,2392,315
LK-1109155,2456,2174,282
LK-1109160,1303,1130,173
LK-1109165,954,788,166
LK-1109170,673,595,78
LK-1109175,806,674,132
LK-1109180,914,561,353
LK-1109185,2156,1917,239
LK-1109190,2148,1921,227
LK-1109195,1923,1562,361
LK-1109200,1411,1219,192
LK-1109205,1689,1505,184
LK-1109210,907,786,121
LK-1109215,887,808,79
LK-1109220,1504,1306,198
LK-1109225,1684,1459,225
LK-1109230,741,668,73
LK-1109235,1730,1389,341
LK-1109240,751,633,118
LK-1109245,633,588,45
LK-1109250,974,820,154
LK-1109255,1014,458,556
LK-1109260,622,497,125
LK-1109265,1424,1175,249
LK-1109270,952,810,142
LK-1109275,1317,1169,148
LK-1109280,1640,1462,178
LK-1109285,1087,951,136
LK-1112,69269,61505,7764
LK-1112005,2332,1937,395
LK-1112010,451,405,46
LK-1112015,394,369,25
LK-1112020,539,487,52
LK-1112025,522,443,79
LK-1112030,497,427,70
LK-1112035,847,758,89
LK-1112040,791,720,71
LK-1112045,766,683,83
LK-1112050,374,331,43
LK-1112055,935,811,124
LK-1112060,668,628,40
LK-1112065,484,453,31
LK-1112070,2003,1725,278
LK-1112075,820,754,66
LK-1112080,1304,1161,143
LK-1112085,1235,1085,150
LK-1112090,600,544,56
LK-1112095,434,373,61
LK-1112100,884,806,78
LK-1112105,210,143,67
LK-1112110,863,779,84
LK-1112115,516,466,50
LK-1112120,960,870,90
LK-1112125,950,843,107
LK-1112130,1011,912,99
LK-1112135,757,654,103
LK-1112140,655,586,69
LK-1112145,790,739,51
LK-1112150,946,828,118
LK-1112155,1183,1043,140
LK-1112160,644,564,80
LK-1112165,1841,1624,217
LK-1112170,1313,1190,123
LK-1112175,836,716,120
LK-1112180,947,861,86
LK-1112185,755,648,107
LK-1112190,1347,1143,204
LK-1112195,1050,916,134
LK-1112200,1156,1042,114
LK-1112205,1240,1152,88
LK-1112210,865,790,75
LK-1112215,462,407,55
LK-1112220,707,635,72
LK-1112225,689,649,40
LK-1112230,1412,1243,169
LK-1112235,719,596,123
LK-1112240,993,896,97
LK-1112245,1367,1228,139
LK-1112250,930,854,76
LK-1112255,731,655,76
LK-1112260,1184,1076,108
LK-1112265,920,847,73
LK-1112270,761,699,62
LK-1112275,1062,963,99
LK-1112280,633,548,85
LK-1112285,871,770,101
LK-1112290,1155,1011,144
LK-1112295,439,396,43
LK-1112300,567,507,60
LK-1112305,913,831,82
LK-1112310,1012,876,136
LK-1112315,1202,1049,153
LK-1112320,923,794,129
LK-1112325,620,542,78
LK-1112330,507,471,36
LK-1112335,496,435,61
LK-1112340,935,833,102
LK-1112345,803,728,75
LK-1112350,620,542,78
LK-1112355,707,644,63
LK-1112360,914,847,67
LK-1112365,825,700,125
LK-1112370,606,518,88
LK-1112375,844,753,91
LK-1112380,345,330,15
LK-1112385,612,534,78
LK-1112390,575,522,53
LK-1112395,288,251,37
LK-1112400,706,643,63
LK-1112405,1499,1273,226
LK-1115,31762,28492,3270
LK-1115005,497,449,48
LK-1115010,535,496,39
LK-1115015,335,294,41
LK-1115020,201,167,34
LK-1115025,616,539,77
LK-1115030,896,793,103
LK-1115035,405,376,29
LK-1115040,209,197,12
LK-1115045,699,519,180
LK-1115050,519,466,53
LK-1115055,702,644,58
LK-1115060,472,421,51
LK-1115065,484,429,55
LK-1115070,737,667,70
LK-1115075,412,384,28
LK-1115080,322,288,34
LK-1115085,339,324,15
LK-1115090,321,295,26
LK-1115095,427,362,65
LK-1115100,671,624,47
LK-1115105,542,504,38
LK-1115110,512,469,43
LK-1115115,387,351,36
LK-1115120,623,540,83
LK-1115125,492,457,35
LK-1115130,561,480,81
LK-1115135,425,403,22
LK-1115140,485,437,48
LK-1115145,785,703,82
LK-1115150,900,869,31
LK-1115155,374,324,50
LK-1115160,370,341,29
LK-1115165,558,483,75
LK-1115170,641,575,66
LK-1115175,433,392,41
LK-1115180,569,507,62
LK-1115185,1081,937,144
LK-1115190,255,232,23
LK-1115195,397,358,39
LK-1115200,412,369,43
LK-1115205,726,684,42
LK-1115210,401,369,32
LK-1115215,477,423,54
LK-1115220,326,299,27
LK-1115225,525,448,77
LK-1115230,355,318,37
LK-1115235,473,410,63
LK-1115240,614,560,54
LK-1115245,338,297,41
LK-1115250,452,401,51
LK-1115255,502,425,77
LK-1115260,201,175,26
LK-1115265,497,454,43
LK-1115270,296,273,23
LK-1115275,479,438,41
LK-1115280,502,452,50
LK-1115285,766,677,89
LK-1115290,225,213,12
LK-1115295,376,339,37
LK-1115300,185,164,21
LK-1115305,154,135,19
LK-1115310,197,180,17
LK-1115315,226,194,32
LK-1115320,220,197,23
LK-1115325,350,317,33
LK-1115330,463,438,25
LK-1115335,567,513,54
LK-1115340,268,234,34
LK-1118,19305,17007,2298
LK-1118005,294,251,43
LK-1118010,459,402,57
LK-1118015,276,247,29
LK-1118020,518,465,53
LK-1118025,221,198,23
LK-1118030,315,269,46
LK-1118035,533,482,51
LK-1118040,326,288,38
LK-1118045,267,208,59
LK-1118050,374,340,34
LK-1118055,571,506,65
LK-1118060,170,163,7
LK-1118065,474,393,81
LK-1118070,396,341,55
LK-1118075,834,723,111
LK-1118080,671,614,57
LK-1118085,348,310,38
LK-1118090,825,720,105
LK-1118095,447,400,47
LK-1118100,667,595,72
LK-1118105,340,305,35
LK-1118110,584,546,38
LK-1118115,579,497,82
LK-1118120,467,410,57
LK-1118125,697,595,102
LK-1118130,308,277,31
LK-1118135,385,334,51
LK-1118140,331,298,33
LK-1118145,423,370,53
LK-1118150,278,252,26
LK-1118155,402,361,41
LK-1118160,587,525,62
LK-1118165,466,397,69
LK-1118170,594,507,87
LK-1118175,381,338,43
LK-1118180,501,452,49
LK-1118185,210,195,15
LK-1118190,427,358,69
LK-1118195,473,433,40
LK-1118200,284,247,37
LK-1118205,222,188,34
LK-1118210,178,158,20
LK-1118215,425,376,49
LK-1118220,265,234,31
LK-1118225,271,216,55
LK-1118230,241,223,18
LK-1121,55533,49459,6074
LK-1121005,1749,1592,157
LK-1121010,1858,1606,252
LK-1121015,1938,1635,303
LK-1121020,1593,1362,231
LK-1121025,1878,1684,194
LK-1121030,1355,1235,120
LK-1121035,1635,1469,166
LK-1121040,1267,1161,106
LK-1121045,361,335,26
LK-1121050,863,780,83
LK-1121055,1214,1117,97
LK-1121060,728,647,81
LK-1121065,2097,1954,143
LK-1121070,993,892,101
LK-1121075,1178,1067,111
LK-1121080,2009,1706,303
LK-1121085,1562,1497,65
LK-1121090,1775,1646,129
LK-1121095,1457,1257,200
LK-1121100,1852,1669,183
LK-1121105,1077,953,124
LK-1121110,688,612,76
LK-1121115,1636,1426,210
LK-1121120,1164,1057,107
LK-1121125,820,733,87
LK-1121130,2090,1870,220
LK-1121135,825,731,94
LK-1121140,1042,964,78
LK-1121145,992,867,125
LK-1121150,436,389,47
LK-1121155,1489,1367,122
LK-1121160,659,593,66
LK-1121165,1466,1310,156
LK-1121170,1580,1358,222
LK-1121175,1935,1725,210
LK-1121180,1120,981,139
LK-1121185,2112,1864,248
LK-1121190,1299,1243,56
LK-1121195,806,699,107
LK-1121200,1580,1389,191
LK-1121205,1355,1017,338
LK-1124,31664,27144,4520
LK-1124005,3155,2812,343
LK-1124010,1734,1482,252
LK-1124015,1968,1705,263
LK-1124020,977,762,215
LK-1124025,1299,1158,141
LK-1124030,1485,1089,396
LK-1124035,1771,1508,263
LK-1124040,1044,905,139
LK-1124045,1805,1567,238
LK-1124050,1208,1067,141
LK-1124055,1068,944,124
LK-1124060,1588,1401,187
LK-1124065,1648,1426,222
LK-1124070,1668,1454,214
LK-1124075,1672,1433,239
LK-1124080,1247,916,331
LK-1124085,1636,1465,171
LK-1124090,1548,1311,237
LK-1124095,2149,1895,254
LK-1124100,994,844,150
LK-1127,63738,52763,10975
LK-1127005,2146,1457,689
LK-1127010,2605,1831,774
LK-1127015,2514,1710,804
LK-1127020,1451,1293,158
LK-1127025,2241,2023,218
LK-1127030,4401,3994,407
LK-1127035,4049,3840,209
LK-1127040,3344,3144,200
LK-1127045,1471,1201,270
LK-1127050,1602,1460,142
LK-1127055,3363,2663,700
LK-1127060,3202,2612,590
LK-1127065,2283,1628,655
LK-1127070,2724,1982,742
LK-1127075,5576,4796,780
LK-1127080,4898,4302,596
LK-1127085,4917,3802,1115
LK-1127090,3503,2829,674
LK-1127095,4118,3314,804
LK-1127100,3330,2882,448
LK-1130,26920,22352,4568
LK-1130005,1779,1521,258
LK-1130010,1761,1480,281
LK-1130015,1504,1233,271
LK-1130020,1829,1457,372
LK-1130025,1563,1373,190
LK-1130030,1892,1560,332
LK-1130035,1691,1345,346
LK-1130040,1940,1448,492
LK-1130045,1935,1636,299
LK-1130050,1657,1420,237
LK-1130055,2788,2388,400
LK-1130060,1238,918,320
LK-1130065,1318,1111,207
LK-1130070,1590,1362,228
LK-1130075,2435,2100,335
LK-1131,28169,24257,3912
LK-1131005,2739,2182,557
LK-1131010,1875,1659,216
LK-1131015,1836,1577,259
LK-1131020,1593,1327,266
LK-1131025,3423,3009,414
LK-1131030,2491,2270,221
LK-1131035,2446,2018,428
LK-1131040,1668,1340,328
LK-1131045,2318,1999,319
LK-1131050,1817,1560,257
LK-1131055,1500,1388,112
LK-1131060,1884,1671,213
LK-1131065,2579,2257,322
LK-1133,45581,41633,3948
LK-1133005,1070,1014,56
LK-1133010,1371,1216,155
LK-1133015,1125,930,195
LK-1133020,1049,842,207
LK-1133025,813,714,99
LK-1133030,1750,1508,242
LK-1133035,1622,1460,162
LK-1133040,1065,950,115
LK-1133045,1237,1113,124
LK-1133050,809,772,37
LK-1133055,859,810,49
LK-1133060,1235,1136,99
LK-1133065,1045,953,92
LK-1133070,585,510,75
LK-1133075,1160,1034,126
LK-1133080,1563,1410,153
LK-1133085,933,800,133
LK-1133090,2690,2415,275
LK-1133095,1691,1569,122
LK-1133100,886,797,89
LK-1133105,959,909,50
LK-1133110,1016,898,118
LK-1133115,782,696,86
LK-1133120,534,505,29
LK-1133125,1282,1134,148
LK-1133130,1121,1071,50
LK-1133135,1007,958,49
LK-1133140,950,887,63
LK-1133145,948,889,59
LK-1133150,1199,1151,48
LK-1133155,916,872,44
LK-1133160,684,573,111
LK-1133165,605,590,15
LK-1133170,1431,1366,65
LK-1133175,605,553,52
LK-1133180,905,846,59
LK-1133185,875,844,31
LK-1133190,943,888,55
LK-1133195,1170,1096,74
LK-1133200,1169,1129,40
LK-1133205,730,693,37
LK-1133210,1192,1132,60
LK-1136,70448,62653,7795
LK-1136005,1493,1330,163
LK-1136010,470,423,47
LK-1136015,613,563,50
LK-1136020,761,703,58
LK-1136025,961,853,108
LK-1136030,1367,1165,202
LK-1136035,430,382,48
LK-1136040,1124,999,125
LK-1136045,601,551,50
LK-1136050,1355,1247,108
LK-1136055,886,760,126
LK-1136060,577,513,64
LK-1136065,1518,1350,168
LK-1136070,987,866,121
LK-1136075,1002,918,84
LK-1136080,598,522,76
LK-1136085,1495,1342,153
LK-1136090,399,358,41
LK-1136095,986,881,105
LK-1136100,1903,1676,227
LK-1136105,1167,1115,52
LK-1136110,786,690,96
LK-1136115,1597,1458,139
LK-1136120,833,750,83
LK-1136125,696,591,105
LK-1136130,1198,1045,153
LK-1136135,1335,1219,116
LK-1136140,1676,1435,241
LK-1136145,972,797,175
LK-1136150,850,769,81
LK-1136155,1137,962,175
LK-1136160,976,803,173
LK-1136165,1216,1036,180
LK-1136170,1345,1237,108
LK-1136175,800,702,98
LK-1136180,873,726,147
LK-1136185,1478,1219,259
LK-1136190,934,828,106
LK-1136195,508,461,47
LK-1136200,948,875,73
LK-1136205,846,751,95
LK-1136210,572,524,48
LK-1136215,632,597,35
LK-1136220,843,770,73
LK-1136225,573,526,47
LK-1136230,1000,914,86
LK-1136235,777,690,87
LK-1136240,421,361,60
LK-1136245,1176,1081,95
LK-1136250,1709,1504,205
LK-1136255,1275,1143,132
LK-1136260,619,525,94
LK-1136265,584,497,87
LK-1136270,1081,946,135
LK-1136275,1196,1053,143
LK-1136280,1433,1282,151
LK-1136285,1766,1617,149
LK-1136290,1880,1665,215
LK-1136295,1152,953,199
LK-1136300,572,520,52
LK-1136305,435,389,46
LK-1136310,1162,1057,105
LK-1136315,1279,1149,130
LK-1136320,598,556,42
LK-1136325,1488,1342,146
LK-1136330,460,426,34
LK-1136335,354,328,26
LK-1136340,433,394,39
LK-1136345,455,399,56
LK-1136350,919,811,108
LK-1136355,701,621,80
LK-1136360,337,324,13
LK-1136365,869,818,51
LK-12,664029,598674,65355
LK-1203,38834,34747,4087
LK-1203005,973,921,52
LK-1203010,1037,941,96
LK-1203015,802,721,81
LK-1203020,967,896,71
LK-1203025,1302,1163,139
LK-1203030,1513,1286,227
LK-1203035,1169,895,274
LK-1203040,1558,1406,152
LK-1203045,1461,1275,186
LK-1203050,1778,1584,194
LK-1203055,957,887,70
LK-1203060,754,701,53
LK-1203065,1091,927,164
LK-1203070,925,793,132
LK-1203075,953,901,52
LK-1203080,766,683,83
LK-1203085,818,716,102
LK-1203090,1361,1261,100
LK-1203095,1025,915,110
LK-1203100,1135,980,155
LK-1203105,747,656,91
LK-1203110,600,541,59
LK-1203115,827,741,86
LK-1203120,814,760,54
LK-1203125,704,649,55
LK-1203130,783,721,62
LK-1203135,485,464,21
LK-1203140,1716,1607,109
LK-1203145,641,597,44
LK-1203150,1571,1392,179
LK-1203155,1269,1129,140
LK-1203160,814,729,85
LK-1203165,834,797,37
LK-1203170,847,742,105
LK-1203175,915,853,62
LK-1203180,1160,984,176
LK-1203185,676,572,104
LK-1203190,553,487,66
LK-1203195,533,474,59
LK-1206,79518,70553,8965
LK-1206005,441,373,68
LK-1206010,528,453,75
LK-1206015,495,442,53
LK-1206020,814,767,47
LK-1206025,747,693,54
LK-1206030,778,695,83
LK-1206035,584,528,56
LK-1206040,929,820,109
LK-1206045,538,477,61
LK-1206050,901,824,77
LK-1206055,306,283,23
LK-1206060,532,470,62
LK-1206065,1274,1168,106
LK-1206070,532,479,53
LK-1206075,307,271,36
LK-1206080,1288,1146,142
LK-1206085,1095,962,133
LK-1206090,822,727,95
LK-1206095,871,807,64
LK-1206100,1587,1441,146
LK-1206105,949,881,68
LK-1206110,770,690,80
LK-1206115,1159,1034,125
LK-1206120,686,606,80
LK-1206125,607,537,70
LK-1206130,714,668,46
LK-1206135,634,557,77
LK-1206140,1707,1491,216
LK-1206145,1923,1762,161
LK-1206150,934,843,91
LK-1206155,707,660,47
LK-1206160,492,441,51
LK-1206165,985,892,93
LK-1206170,1064,971,93
LK-1206175,2657,2215,442
LK-1206180,562,523,39
LK-1206185,1273,1059,214
LK-1206190,1129,1050,79
LK-1206195,2338,1949,389
LK-1206200,3383,3057,326
LK-1206205,512,347,165
LK-1206210,1159,1076,83
LK-1206215,821,770,51
LK-1206220,580,558,22
LK-1206225,710,659,51
LK-1206230,3147,2855,292
LK-1206235,1570,1516,54
LK-1206240,1320,1029,291
LK-1206245,862,744,118
LK-1206250,797,675,122
LK-1206255,3099,2456,643
LK-1206260,1945,1609,336
LK-1206265,3808,3676,132
LK-1206270,458,402,56
LK-1206275,651,584,67
LK-1206280,578,523,55
LK-1206285,660,601,59
LK-1206290,635,602,33
LK-1206295,535,505,30
LK-1206300,566,502,64
LK-1206305,408,364,44
LK-1206310,593,524,69
LK-1206315,570,525,45
LK-1206320,811,693,118
LK-1206325,942,867,75
LK-1206330,1800,1522,278
LK-1206335,1358,1047,311
LK-1206340,863,795,68
LK-1206345,658,573,85
LK-1206350,1434,1162,272
LK-1206355,480,438,42
LK-1206360,904,836,68
LK-1206365,741,654,87
LK-1206370,826,757,69
LK-1206375,622,537,85
LK-1206380,500,445,55
LK-1206385,373,338,35
LK-1206390,405,389,16
LK-1206395,775,686,89
LK-1209,42853,38727,4126
LK-1209005,400,360,40
LK-1209010,357,334,23
LK-1209015,199,187,12
LK-1209020,276,250,26
LK-1209025,294,249,45
LK-1209030,426,380,46
LK-1209035,116,111,5
LK-1209040,406,339,67
LK-1209045,150,137,13
LK-1209050,118,112,6
LK-1209055,498,464,34
LK-1209060,434,353,81
LK-1209065,360,310,50
LK-1209070,299,274,25
LK-1209075,414,349,65
LK-1209080,229,213,16
LK-1209085,350,303,47
LK-1209090,307,297,10
LK-1209095,282,267,15
LK-1209100,302,288,14
LK-1209105,244,229,15
LK-1209110,512,484,28
LK-1209115,393,353,40
LK-1209120,499,452,47
LK-1209125,629,571,58
LK-1209130,456,398,58
LK-1209135,249,231,18
LK-1209140,441,404,37
LK-1209145,425,384,41
LK-1209150,482,436,46
LK-1209155,258,244,14
LK-1209160,306,304,2
LK-1209165,290,267,23
LK-1209170,210,210,0
LK-1209175,425,392,33
LK-1209180,281,254,27
LK-1209185,256,230,26
LK-1209190,252,241,11
LK-1209195,198,173,25
LK-1209200,316,278,38
LK-1209205,531,474,57
LK-1209210,590,517,73
LK-1209215,196,171,25
LK-1209220,377,345,32
LK-1209225,255,228,27
LK-1209230,266,258,8
LK-1209235,265,240,25
LK-1209240,215,204,11
LK-1209245,118,105,13
LK-1209250,281,256,25
LK-1209255,316,297,19
LK-1209260,219,198,21
LK-1209265,238,216,22
LK-1209270,475,435,40
LK-1209275,406,342,64
LK-1209280,277,256,21
LK-1209285,460,407,53
LK-1209290,297,255,42
LK-1209295,559,531,28
LK-1209300,215,206,9
LK-1209305,508,457,51
LK-1209310,269,235,34
LK-1209315,659,621,38
LK-1209320,426,362,64
LK-1209325,461,411,50
LK-1209330,429,384,45
LK-1209335,203,176,27
LK-1209340,308,278,30
LK-1209345,301,258,43
LK-1209350,467,441,26
LK-1209355,499,458,41
LK-1209360,312,265,47
LK-1209365,446,394,52
LK-1209370,513,477,36
LK-1209375,226,204,22
LK-1209380,349,312,37
LK-1209385,590,518,72
LK-1209390,352,312,40
LK-1209395,249,231,18
LK-1209400,290,263,27
LK-1209405,175,153,22
LK-1209410,165,144,21
LK-1209415,800,681,119
LK-1209420,317,296,21
LK-1209425,263,243,20
LK-1209430,242,220,22
LK-1209435,346,315,31
LK-1209440,285,255,30
LK-1209445,285,267,18
LK-1209450,194,175,19
LK-1209455,340,311,29
LK-1209460,272,250,22
LK-1209465,133,111,22
LK-1209470,152,126,26
LK-1209475,282,245,37
LK-1209480,110,109,1
LK-1209485,246,227,19
LK-1209490,242,233,9
LK-1209495,400,334,66
LK-1209500,713,610,103
LK-1209505,208,191,17
LK-1209510,351,322,29
LK-1209515,486,436,50
LK-1209520,398,357,41
LK-1209525,450,396,54
LK-1209530,389,360,29
LK-1209535,757,699,58
LK-1209540,204,192,12
LK-1209545,227,207,20
LK-1209550,503,452,51
LK-1209555,303,278,25
LK-1209560,231,219,12
LK-1209565,541,504,37
LK-1209570,270,236,34
LK-1209575,303,279,24
LK-1209580,346,314,32
LK-1209585,255,227,28
LK-1209590,455,405,50
LK-1209595,958,856,102
LK-1209600,223,198,25
LK-1209605,289,271,18
LK-1209610,624,567,57
LK-1209615,368,346,22
LK-1212,47450,42952,4498
LK-1212005,1051,895,156
LK-1212010,480,423,57
LK-1212015,610,522,88
LK-1212020,240,214,26
LK-1212025,250,237,13
LK-1212030,291,270,21
LK-1212035,268,234,34
LK-1212040,259,222,37
LK-1212045,384,347,37
LK-1212050,295,264,31
LK-1212055,373,331,42
LK-1212060,453,414,39
LK-1212065,405,354,51
LK-1212070,545,503,42
LK-1212075,307,266,41
LK-1212080,197,179,18
LK-1212085,399,358,41
LK-1212090,373,338,35
LK-1212095,274,251,23
LK-1212100,374,341,33
LK-1212105,352,319,33
LK-1212110,698,622,76
LK-1212115,462,428,34
LK-1212120,417,362,55
LK-1212125,255,227,28
LK-1212130,306,282,24
LK-1212135,276,256,20
LK-1212140,265,237,28
LK-1212145,504,443,61
LK-1212150,145,130,15
LK-1212155,213,199,14
LK-1212160,264,246,18
LK-1212165,156,139,17
LK-1212170,221,194,27
LK-1212175,266,251,15
LK-1212180,182,163,19
LK-1212185,242,224,18
LK-1212190,162,147,15
LK-1212195,149,132,17
LK-1212200,155,128,27
LK-1212205,361,320,41
LK-1212210,333,290,43
LK-1212215,247,230,17
LK-1212220,142,138,4
LK-1212225,249,200,49
LK-1212230,279,252,27
LK-1212235,286,269,17
LK-1212240,426,392,34
LK-1212245,208,184,24
LK-1212250,157,145,12
LK-1212255,359,329,30
LK-1212260,286,266,20
LK-1212265,196,169,27
LK-1212270,257,229,28
LK-1212275,145,126,19
LK-1212280,406,366,40
LK-1212285,263,234,29
LK-1212290,373,351,22
LK-1212295,232,206,26
LK-1212300,111,107,4
LK-1212305,333,310,23
LK-1212310,473,444,29
LK-1212315,294,275,19
LK-1212320,486,433,53
LK-1212325,228,210,18
LK-1212330,386,360,26
LK-1212335,152,140,12
LK-1212340,160,141,19
LK-1212345,375,336,39
LK-1212350,287,260,27
LK-1212355,308,282,26
LK-1212360,416,369,47
LK-1212365,272,245,27
LK-1212370,388,357,31
LK-1212375,157,139,18
LK-1212380,208,184,24
LK-1212385,313,288,25
LK-1212390,253,237,16
LK-1212395,295,278,17
LK-1212400,633,574,59
LK-1212405,211,183,28
LK-1212410,223,208,15
LK-1212415,282,247,35
LK-1212420,297,267,30
LK-1212425,189,173,16
LK-1212430,213,189,24
LK-1212435,272,246,26
LK-1212440,340,299,41
LK-1212445,222,204,18
LK-1212450,363,319,44
LK-1212455,489,441,48
LK-1212460,256,238,18
LK-1212465,241,220,21
LK-1212470,371,331,40
LK-1212475,290,262,28
LK-1212480,477,425,52
LK-1212485,166,144,22
LK-1212490,343,320,23
LK-1212495,213,179,34
LK-1212500,263,232,31
LK-1212505,286,265,21
LK-1212510,321,302,19
LK-1212515,212,186,26
LK-1212520,406,390,16
LK-1212525,350,302,48
LK-1212530,285,264,21
LK-1212535,222,204,18
LK-1212540,247,237,10
LK-1212545,482,423,59
LK-1212550,236,216,20
LK-1212555,142,134,8
LK-1212560,290,273,17
LK-1212565,362,341,21
LK-1212570,397,359,38
LK-1212575,446,418,28
LK-1212580,495,462,33
LK-1212585,522,477,45
LK-1212590,440,394,46
LK-1212595,309,269,40
LK-1212600,147,134,13
LK-1212605,331,290,41
LK-1212610,318,287,31
LK-1212615,202,192,10
LK-1212620,217,188,29
LK-1212625,353,318,35
LK-1212630,233,214,19
LK-1212635,188,174,14
LK-1212640,517,480,37
LK-1212645,366,335,31
LK-1212650,277,251,26
LK-1212655,251,235,16
LK-1212660,225,196,29
LK-1212665,433,393,40
LK-1212670,215,215,0
LK-1212675,432,376,56
LK-1212680,243,223,20
LK-1212685,365,328,37
LK-1212690,279,255,24
LK-1212695,229,203,26
LK-1212700,647,597,50
LK-1212705,774,710,64
LK-1212710,294,260,34
LK-1212715,263,249,14
LK-1212720,622,565,57
LK-1212725,360,312,48
LK-1212730,317,307,10
LK-1212735,482,442,40
LK-1212740,190,173,17
LK-1212745,258,250,8
LK-1215,51036,46372,4664
LK-1215005,414,377,37
LK-1215010,474,435,39
LK-1215015,378,339,39
LK-1215020,783,717,66
LK-1215025,496,469,27
LK-1215030,507,473,34
LK-1215035,264,248,16
LK-1215040,546,499,47
LK-1215045,349,312,37
LK-1215050,501,445,56
LK-1215055,390,332,58
LK-1215060,316,281,35
LK-1215065,238,211,27
LK-1215070,208,187,21
LK-1215075,307,282,25
LK-1215080,238,203,35
LK-1215085,322,303,19
LK-1215090,136,123,13
LK-1215095,361,321,40
LK-1215100,306,287,19
LK-1215105,325,295,30
LK-1215110,547,490,57
LK-1215115,468,423,45
LK-1215120,555,523,32
LK-1215125,324,280,44
LK-1215130,861,780,81
LK-1215135,543,487,56
LK-1215140,646,586,60
LK-1215145,471,455,16
LK-1215150,418,387,31
LK-1215155,443,411,32
LK-1215160,561,516,45
LK-1215165,373,366,7
LK-1215170,572,516,56
LK-1215175,337,308,29
LK-1215180,261,242,19
LK-1215185,323,287,36
LK-1215190,260,235,25
LK-1215195,528,464,64
LK-1215200,277,260,17
LK-1215205,489,444,45
LK-1215210,405,367,38
LK-1215215,370,320,50
LK-1215220,215,192,23
LK-1215225,247,217,30
LK-1215230,446,414,32
LK-1215235,386,329,57
LK-1215240,414,379,35
LK-1215245,742,668,74
LK-1215250,493,458,35
LK-1215255,571,518,53
LK-1215260,277,257,20
LK-1215265,289,269,20
LK-1215270,386,345,41
LK-1215275,378,337,41
LK-1215280,406,367,39
LK-1215285,280,260,20
LK-1215290,281,269,12
LK-1215295,635,580,55
LK-1215300,750,734,16
LK-1215305,409,376,33
LK-1215310,314,286,28
LK-1215315,367,322,45
LK-1215320,301,283,18
LK-1215325,218,198,20
LK-1215330,268,246,22
LK-1215335,530,468,62
LK-1215340,420,376,44
LK-1215345,295,264,31
LK-1215350,481,412,69
LK-1215355,313,303,10
LK-1215360,316,298,18
LK-1215365,471,438,33
LK-1215370,725,661,64
LK-1215375,523,496,27
LK-1215380,362,329,33
LK-1215385,263,247,16
LK-1215390,271,247,24
LK-1215395,319,294,25
LK-1215400,522,478,44
LK-1215405,486,439,47
LK-1215410,458,397,61
LK-1215415,651,593,58
LK-1215420,439,387,52
LK-1215425,389,346,43
LK-1215430,351,322,29
LK-1215435,456,401,55
LK-1215440,608,530,78
LK-1215445,314,300,14
LK-1215450,417,394,23
LK-1215455,421,395,26
LK-1215460,469,413,56
LK-1215465,400,372,28
LK-1215470,387,348,39
LK-1215475,434,379,55
LK-1215480,485,428,57
LK-1215485,386,353,33
LK-1215490,543,497,46
LK-1215495,696,593,103
LK-1215500,586,534,52
LK-1215505,538,493,45
LK-1215510,394,357,37
LK-1215515,369,335,34
LK-1215520,610,545,65
LK-1215525,538,478,60
LK-1215530,334,298,36
LK-1215535,566,512,54
LK-1215540,555,484,71
LK-1215545,298,269,29
LK-1215550,514,464,50
LK-1215555,236,224,12
LK-1215560,313,269,44
LK-1215565,360,332,28
LK-1215570,572,526,46
LK-1215575,334,310,24
LK-1215580,296,266,30
LK-1215585,482,442,40
LK-1215590,498,453,45
LK-1215595,367,338,29
LK-1215600,275,253,22
LK-1215605,436,402,34
LK-1218,47634,43170,4464
LK-1218005,740,653,87
LK-1218010,510,461,49
LK-1218015,692,613,79
LK-1218020,387,347,40
LK-1218025,662,610,52
LK-1218030,620,556,64
LK-1218035,564,536,28
LK-1218040,853,778,75
LK-1218045,384,350,34
LK-1218050,963,814,149
LK-1218055,1210,1077,133
LK-1218060,1233,1059,174
LK-1218065,1304,1196,108
LK-1218070,1459,1275,184
LK-1218075,1144,1058,86
LK-1218080,1158,1038,120
LK-1218085,1247,1107,140
LK-1218090,544,494,50
LK-1218095,603,554,49
LK-1218100,699,651,48
LK-1218105,610,577,33
LK-1218110,888,812,76
LK-1218115,638,582,56
LK-1218120,1193,1118,75
LK-1218125,1319,1191,128
LK-1218130,836,782,54
LK-1218135,3204,2848,356
LK-1218140,2113,1934,179
LK-1218145,2257,2134,123
LK-1218150,409,363,46
LK-1218155,1257,1176,81
LK-1218160,748,686,62
LK-1218165,699,653,46
LK-1218170,768,728,40
LK-1218175,2031,1887,144
LK-1218180,929,807,122
LK-1218185,1052,975,77
LK-1218190,1100,1010,90
LK-1218195,864,608,256
LK-1218200,1255,1166,89
LK-1218205,854,768,86
LK-1218210,927,852,75
LK-1218215,1333,1119,214
LK-1218220,1261,1179,82
LK-1218225,866,799,67
LK-1218230,1247,1189,58
LK-1221,59545,52897,6648
LK-1221005,3563,2627,936
LK-1221010,910,840,70
LK-1221015,663,579,84
LK-1221020,549,504,45
LK-1221025,1789,1545,244
LK-1221030,1313,1114,199
LK-1221035,313,302,11
LK-1221040,472,439,33
LK-1221045,808,754,54
LK-1221050,1867,1642,225
LK-1221055,801,677,124
LK-1221060,885,785,100
LK-1221065,560,488,72
LK-1221070,940,794,146
LK-1221075,1923,1609,314
LK-1221080,984,861,123
LK-1221085,1108,1014,94
LK-1221090,982,900,82
LK-1221095,821,726,95
LK-1221100,1198,1052,146
LK-1221105,1068,960,108
LK-1221110,635,556,79
LK-1221115,942,767,175
LK-1221120,801,735,66
LK-1221125,1051,939,112
LK-1221130,1189,1052,137
LK-1221135,815,732,83
LK-1221140,804,731,73
LK-1221145,680,628,52
LK-1221150,532,482,50
LK-1221155,1726,1535,191
LK-1221160,667,604,63
LK-1221165,756,676,80
LK-1221170,937,834,103
LK-1221175,332,299,33
LK-1221180,545,472,73
LK-1221185,960,935,25
LK-1221190,591,517,74
LK-1221195,906,824,82
LK-1221200,1312,1223,89
LK-1221205,1058,974,84
LK-1221210,977,911,66
LK-1221215,1142,1079,63
LK-1221220,1108,999,109
LK-1221225,755,679,76
LK-1221230,1109,1005,104
LK-1221235,1924,1706,218
LK-1221240,1623,1478,145
LK-1221245,1526,1418,108
LK-1221250,1176,1087,89
LK-1221255,1042,973,69
LK-1221260,1260,1167,93
LK-1221265,1103,993,110
LK-1221270,1087,966,121
LK-1221275,999,914,85
LK-1221280,1094,1016,78
LK-1221285,864,779,85
LK-1224,56420,51111,5309
LK-1224005,586,513,73
LK-1224010,476,430,46
LK-1224015,491,457,34
LK-1224020,421,381,40
LK-1224025,315,302,13
LK-1224030,259,225,34
LK-1224035,201,182,19
LK-1224040,296,267,29
LK-1224045,508,439,69
LK-1224050,438,391,47
LK-1224055,594,530,64
LK-1224060,572,505,67
LK-1224065,573,524,49
LK-1224070,568,524,44
LK-1224075,215,201,14
LK-1224080,310,296,14
LK-1224085,316,282,34
LK-1224090,317,293,24
LK-1224095,1160,1006,154
LK-1224100,596,520,76
LK-1224105,451,423,28
LK-1224110,388,348,40
LK-1224115,380,360,20
LK-1224120,810,744,66
LK-1224125,483,447,36
LK-1224130,686,616,70
LK-1224135,434,351,83
LK-1224140,509,455,54
LK-1224145,405,320,85
LK-1224150,76,71,5
LK-1224155,457,408,49
LK-1224160,366,345,21
LK-1224165,218,201,17
LK-1224170,328,299,29
LK-1224175,734,681,53
LK-1224180,736,675,61
LK-1224185,167,155,12
LK-1224190,482,442,40
LK-1224195,897,814,83
LK-1224200,152,139,13
LK-1224205,359,333,26
LK-1224210,858,788,70
LK-1224215,376,354,22
LK-1224220,283,263,20
LK-1224225,923,839,84
LK-1224230,570,523,47
LK-1224235,393,367,26
LK-1224240,725,653,72
LK-1224245,398,373,25
LK-1224250,321,293,28
LK-1224255,767,695,72
LK-1224260,566,523,43
LK-1224265,504,465,39
LK-1224270,1041,911,130
LK-1224275,360,310,50
LK-1224280,1074,950,124
LK-1224285,344,323,21
LK-1224290,724,587,137
LK-1224295,631,562,69
LK-1224300,408,377,31
LK-1224305,553,498,55
LK-1224310,756,686,70
LK-1224315,237,224,13
LK-1224320,408,366,42
LK-1224325,883,795,88
LK-1224330,840,771,69
LK-1224335,1607,1449,158
LK-1224340,598,551,47
LK-1224345,630,572,58
LK-1224350,923,850,73
LK-1224355,636,567,69
LK-1224360,888,819,69
LK-1224365,748,690,58
LK-1224370,539,500,39
LK-1224375,410,377,33
LK-1224380,583,538,45
LK-1224385,979,873,106
LK-1224390,576,507,69
LK-1224395,876,801,75
LK-1224400,445,413,32
LK-1224405,607,554,53
LK-1224410,698,630,68
LK-1224415,900,795,105
LK-1224420,476,452,24
LK-1224425,595,541,54
LK-1224430,501,460,41
LK-1224435,503,452,51
LK-1224440,652,593,59
LK-1224445,503,436,67
LK-1224450,457,439,18
LK-1224455,605,558,47
LK-1224460,290,255,35
LK-1224465,396,393,3
LK-1224470,607,534,73
LK-1224475,753,681,72
LK-1224480,604,545,59
LK-1224485,677,595,82
LK-1224490,785,735,50
LK-1224495,529,488,41
LK-1224500,461,441,20
LK-1224505,710,636,74
LK-1227,49564,44924,4640
LK-1227005,381,353,28
LK-1227010,416,398,18
LK-1227015,462,398,64
LK-1227020,418,400,18
LK-1227025,160,143,17
LK-1227030,381,353,28
LK-1227035,206,195,11
LK-1227040,221,206,15
LK-1227045,240,217,23
LK-1227050,351,310,41
LK-1227055,258,229,29
LK-1227060,281,257,24
LK-1227065,320,281,39
LK-1227070,244,220,24
LK-1227075,334,285,49
LK-1227080,751,648,103
LK-1227085,236,212,24
LK-1227090,300,276,24
LK-1227095,226,205,21
LK-1227100,206,192,14
LK-1227105,218,193,25
LK-1227110,250,215,35
LK-1227115,448,372,76
LK-1227120,542,483,59
LK-1227125,340,332,8
LK-1227130,318,298,20
LK-1227135,388,346,42
LK-1227140,381,361,20
LK-1227145,440,404,36
LK-1227150,225,205,20
LK-1227155,281,253,28
LK-1227160,295,279,16
LK-1227165,168,156,12
LK-1227170,186,167,19
LK-1227175,296,274,22
LK-1227180,426,381,45
LK-1227185,210,191,19
LK-1227190,380,334,46
LK-1227195,118,106,12
LK-1227200,478,405,73
LK-1227205,446,384,62
LK-1227210,671,589,82
LK-1227215,515,477,38
LK-1227220,369,309,60
LK-1227225,370,323,47
LK-1227230,141,115,26
LK-1227235,426,382,44
LK-1227240,636,571,65
LK-1227245,448,415,33
LK-1227250,264,246,18
LK-1227255,651,583,68
LK-1227260,496,452,44
LK-1227265,231,213,18
LK-1227270,293,269,24
LK-1227275,348,311,37
LK-1227280,291,270,21
LK-1227285,284,264,20
LK-1227290,309,288,21
LK-1227295,202,190,12
LK-1227300,370,340,30
LK-1227305,424,385,39
LK-1227310,253,233,20
LK-1227315,632,565,67
LK-1227320,296,256,40
LK-1227325,246,227,19
LK-1227330,299,266,33
LK-1227335,460,410,50
LK-1227340,585,529,56
LK-1227345,1330,1238,92
LK-1227350,340,307,33
LK-1227355,467,423,44
LK-1227360,251,236,15
LK-1227365,262,237,25
LK-1227370,294,271,23
LK-1227375,434,411,23
LK-1227380,631,569,62
LK-1227385,615,547,68
LK-1227390,394,361,33
LK-1227395,136,126,10
LK-1227400,185,170,15
LK-1227405,313,290,23
LK-1227410,182,159,23
LK-1227415,376,342,34
LK-1227420,165,144,21
LK-1227425,240,219,21
LK-1227430,206,187,19
LK-1227435,137,130,7
LK-1227440,268,240,28
LK-1227445,246,224,22
LK-1227450,243,223,20
LK-1227455,165,147,18
LK-1227460,188,158,30
LK-1227465,264,244,20
LK-1227470,709,654,55
LK-1227475,194,190,4
LK-1227480,245,229,16
LK-1227485,232,212,20
LK-1227490,83,74,9
LK-1227495,427,370,57
LK-1227500,681,630,51
LK-1227505,395,360,35
LK-1227510,165,147,18
LK-1227515,306,246,60
LK-1227520,172,158,14
LK-1227525,396,369,27
LK-1227530,255,240,15
LK-1227535,328,308,20
LK-1227540,352,316,36
LK-1227545,236,213,23
LK-1227550,168,153,15
LK-1227555,369,324,45
LK-1227560,209,196,13
LK-1227565,283,255,28
LK-1227570,259,234,25
LK-1227575,195,185,10
LK-1227580,238,218,20
LK-1227585,217,193,24
LK-1227590,290,283,7
LK-1227595,446,419,27
LK-1227600,202,183,19
LK-1227605,349,310,39
LK-1227610,358,330,28
LK-1227615,251,223,28
LK-1227620,249,234,15
LK-1227625,448,388,60
LK-1227630,337,305,32
LK-1227635,383,346,37
LK-1227640,423,366,57
LK-1227645,149,146,3
LK-1227650,242,211,31
LK-1227655,420,380,40
LK-1227660,335,302,33
LK-1227665,319,307,12
LK-1227670,309,291,18
LK-1227675,268,243,25
LK-1227680,135,124,11
LK-1227685,259,239,20
LK-1227690,401,355,46
LK-1227695,279,245,34
LK-1227700,324,302,22
LK-1227705,374,339,35
LK-1227710,420,369,51
LK-1227715,215,190,25
LK-1227720,130,113,17
LK-1227725,368,350,18
LK-1227730,294,253,41
LK-1227735,251,228,23
LK-1227740,330,298,32
LK-1227745,200,182,18
LK-1227750,279,263,16
LK-1227755,345,335,10
LK-1230,43325,39369,3956
LK-1230005,400,385,15
LK-1230010,395,367,28
LK-1230015,422,370,52
LK-1230020,206,197,9
LK-1230025,224,207,17
LK-1230030,305,280,25
LK-1230035,142,139,3
LK-1230040,220,193,27
LK-1230045,268,250,18
LK-1230050,449,390,59
LK-1230055,362,326,36
LK-1230060,333,304,29
LK-1230065,192,177,15
LK-1230070,352,336,16
LK-1230075,413,370,43
LK-1230080,372,349,23
LK-1230085,228,210,18
LK-1230090,369,333,36
LK-1230095,173,154,19
LK-1230100,548,506,42
LK-1230105,313,291,22
LK-1230110,377,340,37
LK-1230115,321,300,21
LK-1230120,214,201,13
LK-1230125,281,262,19
LK-1230130,779,706,73
LK-1230135,457,446,11
LK-1230140,402,375,27
LK-1230145,288,270,18
LK-1230150,202,185,17
LK-1230155,341,314,27
LK-1230160,222,199,23
LK-1230165,235,213,22
LK-1230170,155,137,18
LK-1230175,241,201,40
LK-1230180,214,194,20
LK-1230185,289,266,23
LK-1230190,360,311,49
LK-1230195,363,326,37
LK-1230200,180,158,22
LK-1230205,342,309,33
LK-1230210,194,182,12
LK-1230215,133,127,6
LK-1230220,244,233,11
LK-1230225,423,383,40
LK-1230230,400,348,52
LK-1230235,325,291,34
LK-1230240,262,236,26
LK-1230245,230,204,26
LK-1230250,269,241,28
LK-1230255,347,320,27
LK-1230260,439,391,48
LK-1230265,343,313,30
LK-1230270,365,317,48
LK-1230275,264,228,36
LK-1230280,214,196,18
LK-1230285,495,456,39
LK-1230290,317,277,40
LK-1230295,189,168,21
LK-1230300,194,179,15
LK-1230305,268,235,33
LK-1230310,177,160,17
LK-1230315,249,220,29
LK-1230320,499,440,59
LK-1230325,231,200,31
LK-1230330,487,445,42
LK-1230335,331,303,28
LK-1230340,348,326,22
LK-1230345,169,160,9
LK-1230350,234,208,26
LK-1230355,273,248,25
LK-1230360,469,420,49
LK-1230365,368,335,33
LK-1230370,270,255,15
LK-1230375,318,300,18
LK-1230380,173,154,19
LK-1230385,405,385,20
LK-1230390,457,410,47
LK-1230395,279,262,17
LK-1230400,603,542,61
LK-1230405,151,145,6
LK-1230410,456,402,54
LK-1230415,170,147,23
LK-1230420,194,184,10
LK-1230425,167,144,23
LK-1230430,214,192,22
LK-1230435,320,286,34
LK-1230440,296,256,40
LK-1230445,352,313,39
LK-1230450,341,331,10
LK-1230455,416,359,57
LK-1230460,265,250,15
LK-1230465,336,300,36
LK-1230470,207,198,9
LK-1230475,303,284,19
LK-1230480,288,264,24
LK-1230485,311,298,13
LK-1230490,372,326,46
LK-1230495,431,390,41
LK-1230500,263,245,18
LK-1230505,763,687,76
LK-1230510,504,444,60
LK-1230515,225,197,28
LK-1230520,430,403,27
LK-1230525,499,455,44
LK-1230530,927,837,90
LK-1230535,259,238,21
LK-1230540,205,188,17
LK-1230545,275,261,14
LK-1230550,309,279,30
LK-1230555,212,203,9
LK-1230560,327,297,30
LK-1230565,284,268,16
LK-1230570,230,210,20
LK-1230575,295,263,32
LK-1230580,369,339,30
LK-1230585,243,217,26
LK-1230590,473,400,73
LK-1230595,279,249,30
LK-1230600,280,256,24
LK-1230605,436,391,45
LK-1230610,451,413,38
LK-1230615,349,304,45
LK-1230620,644,615,29
LK-1230625,265,247,18
LK-1230630,345,311,34
LK-1230635,221,206,15
LK-1230640,267,233,34
LK-1230645,310,269,41
LK-1230650,404,348,56
LK-1230655,385,362,23
LK-1230660,320,290,30
LK-1230665,483,430,53
LK-1233,58063,52358,5705
LK-1233005,519,459,60
LK-1233010,434,387,47
LK-1233015,480,440,40
LK-1233020,436,377,59
LK-1233025,384,354,30
LK-1233030,478,432,46
LK-1233035,191,176,15
LK-1233040,353,321,32
LK-1233045,491,449,42
LK-1233050,241,211,30
LK-1233055,467,425,42
LK-1233060,379,348,31
LK-1233065,249,230,19
LK-1233070,318,297,21
LK-1233075,402,368,34
LK-1233080,293,270,23
LK-1233085,119,100,19
LK-1233090,548,520,28
LK-1233095,504,456,48
LK-1233100,260,238,22
LK-1233105,226,211,15
LK-1233110,167,146,21
LK-1233115,134,128,6
LK-1233120,316,284,32
LK-1233125,342,322,20
LK-1233130,281,251,30
LK-1233135,537,475,62
LK-1233140,903,794,109
LK-1233145,343,309,34
LK-1233150,335,312,23
LK-1233155,628,573,55
LK-1233160,393,369,24
LK-1233165,368,349,19
LK-1233170,399,353,46
LK-1233175,439,410,29
LK-1233180,555,512,43
LK-1233185,502,446,56
LK-1233190,381,333,48
LK-1233195,774,700,74
LK-1233200,783,719,64
LK-1233205,566,499,67
LK-1233210,1159,1035,124
LK-1233215,540,476,64
LK-1233220,446,409,37
LK-1233225,688,609,79
LK-1233230,766,681,85
LK-1233235,662,579,83
LK-1233240,584,535,49
LK-1233245,1398,1286,112
LK-1233250,1563,1378,185
LK-1233255,1008,906,102
LK-1233260,1040,944,96
LK-1233265,1508,1408,100
LK-1233270,685,639,46
LK-1233275,623,569,54
LK-1233280,591,557,34
LK-1233285,1355,1218,137
LK-1233290,1135,1007,128
LK-1233295,838,741,97
LK-1233300,1333,1111,222
LK-1233305,626,556,70
LK-1233310,524,458,66
LK-1233315,747,683,64
LK-1233320,530,486,44
LK-1233325,1045,917,128
LK-1233330,1086,967,119
LK-1233335,785,726,59
LK-1233340,753,699,54
LK-1233345,556,506,50
LK-1233350,658,583,75
LK-1233355,1285,1137,148
LK-1233360,859,756,103
LK-1233365,618,564,54
LK-1233370,533,465,68
LK-1233375,698,588,110
LK-1233380,1045,914,131
LK-1233385,655,556,99
LK-1233390,617,538,79
LK-1233395,623,566,57
LK-1233400,754,694,60
LK-1233405,418,384,34
LK-1233410,679,633,46
LK-1233415,988,925,63
LK-1233420,455,422,33
LK-1233425,843,788,55
LK-1233430,658,612,46
LK-1233435,718,643,75
LK-1233440,787,729,58
LK-1233445,646,585,61
LK-1233450,754,673,81
LK-1233455,477,432,45
LK-1233460,803,732,71
LK-1236,36801,33404,3397
LK-1236005,1602,1509,93
LK-1236010,802,713,89
LK-1236015,1468,1379,89
LK-1236020,1311,1202,109
LK-1236025,1008,867,141
LK-1236030,1107,982,125
LK-1236035,446,392,54
LK-1236040,1118,1001,117
LK-1236045,728,663,65
LK-1236050,1538,1388,150
LK-1236055,968,859,109
LK-1236060,1122,1001,121
LK-1236065,960,859,101
LK-1236070,1023,938,85
LK-1236075,844,765,79
LK-1236080,781,681,100
LK-1236085,1144,1018,126
LK-1236090,734,658,76
LK-1236095,788,699,89
LK-1236100,516,481,35
LK-1236105,910,849,61
LK-1236110,1070,932,138
LK-1236115,1355,1218,137
LK-1236120,1255,1187,68
LK-1236125,901,815,86
LK-1236130,967,886,81
LK-1236135,509,463,46
LK-1236140,1203,1048,155
LK-1236145,1307,1150,157
LK-1236150,848,789,59
LK-1236155,776,698,78
LK-1236160,902,831,71
LK-1236165,1118,1078,40
LK-1236170,586,566,20
LK-1236175,1162,1054,108
LK-1236180,1127,1064,63
LK-1236185,797,721,76
LK-1239,52986,48090,4896
LK-1239005,715,660,55
LK-1239010,940,857,83
LK-1239015,1338,1252,86
LK-1239020,1709,1529,180
LK-1239025,827,709,118
LK-1239030,745,679,66
LK-1239035,755,666,89
LK-1239040,683,645,38
LK-1239045,423,411,12
LK-1239050,879,745,134
LK-1239055,663,584,79
LK-1239060,1200,1066,134
LK-1239065,853,747,106
LK-1239070,1520,1382,138
LK-1239075,1473,1372,101
LK-1239080,1344,1203,141
LK-1239085,1052,917,135
LK-1239090,1937,1730,207
LK-1239095,1364,1237,127
LK-1239100,669,610,59
LK-1239105,1491,1344,147
LK-1239110,877,785,92
LK-1239115,1521,1417,104
LK-1239120,1192,1060,132
LK-1239125,1734,1576,158
LK-1239130,583,527,56
LK-1239135,1308,1195,113
LK-1239140,1812,1660,152
LK-1239145,1574,1339,235
LK-1239150,553,515,38
LK-1239155,1619,1558,61
LK-1239160,1992,1892,100
LK-1239165,790,727,63
LK-1239170,618,585,33
LK-1239175,949,837,112
LK-1239180,886,812,74
LK-1239185,616,544,72
LK-1239190,1393,1299,94
LK-1239195,704,660,44
LK-1239200,1710,1511,199
LK-1239205,937,827,110
LK-1239210,1048,992,56
LK-1239215,728,676,52
LK-1239220,1092,920,172
LK-1239225,1071,929,142
LK-1239230,558,530,28
LK-1239235,569,534,35
LK-1239240,1057,978,79
LK-1239245,915,860,55
LK-13,337570,302371,35199
LK-1303,48132,44101,4031
LK-1303005,429,405,24
LK-1303010,503,473,30
LK-1303015,379,338,41
LK-1303020,498,471,27
LK-1303025,766,673,93
LK-1303030,982,900,82
LK-1303035,620,594,26
LK-1303040,794,734,60
LK-1303045,1122,1043,79
LK-1303050,1388,1300,88
LK-1303055,807,732,75
LK-1303060,658,599,59
LK-1303065,1035,928,107
LK-1303070,659,628,31
LK-1303075,894,840,54
LK-1303080,573,506,67
LK-1303085,479,438,41
LK-1303090,570,499,71
LK-1303095,790,750,40
LK-1303100,763,728,35
LK-1303105,495,453,42
LK-1303110,455,411,44
LK-1303115,1180,1049,131
LK-1303120,680,623,57
LK-1303125,526,494,32
LK-1303130,387,349,38
LK-1303135,833,755,78
LK-1303140,657,583,74
LK-1303145,1021,911,110
LK-1303150,509,473,36
LK-1303155,491,445,46
LK-1303160,1275,1180,95
LK-1303165,1046,939,107
LK-1303170,1000,927,73
LK-1303175,459,424,35
LK-1303180,659,602,57
LK-1303185,291,244,47
LK-1303190,309,258,51
LK-1303195,152,131,21
LK-1303200,242,211,31
LK-1303205,166,150,16
LK-1303210,486,449,37
LK-1303215,668,631,37
LK-1303220,850,799,51
LK-1303225,803,759,44
LK-1303230,768,702,66
LK-1303235,824,744,80
LK-1303240,382,356,26
LK-1303245,507,453,54
LK-1303250,378,329,49
LK-1303255,591,562,29
LK-1303260,852,797,55
LK-1303265,969,897,72
LK-1303270,535,481,54
LK-1303275,857,750,107
LK-1303280,413,388,25
LK-1303285,793,721,72
LK-1303290,680,627,53
LK-1303295,870,812,58
LK-1303300,598,538,60
LK-1303305,669,614,55
LK-1303310,972,879,93
LK-1303315,759,710,49
LK-1303320,390,354,36
LK-1303325,776,672,104
LK-1303330,1058,993,65
LK-1303335,279,276,3
LK-1303340,605,556,49
LK-1303345,402,357,45
LK-1303350,571,512,59
LK-1303355,689,642,47
LK-1303360,596,550,46
LK-1306,29712,26948,2764
LK-1306005,612,552,60
LK-1306010,495,458,37
LK-1306015,736,655,81
LK-1306020,1137,1020,117
LK-1306025,635,544,91
LK-1306030,748,640,108
LK-1306035,469,421,48
LK-1306040,273,247,26
LK-1306045,309,282,27
LK-1306050,836,752,84
LK-1306055,474,436,38
LK-1306060,434,405,29
LK-1306065,586,529,57
LK-1306070,498,441,57
LK-1306075,788,724,64
LK-1306080,898,813,85
LK-1306085,982,876,106
LK-1306090,600,553,47
LK-1306095,1060,943,117
LK-1306100,353,328,25
LK-1306105,332,318,14
LK-1306110,384,367,17
LK-1306115,400,383,17
LK-1306120,581,533,48
LK-1306125,618,560,58
LK-1306130,554,509,45
LK-1306135,883,815,68
LK-1306140,310,293,17
LK-1306145,358,318,40
LK-1306150,204,185,19
LK-1306155,531,472,59
LK-1306160,224,208,16
LK-1306165,293,270,23
LK-1306170,367,334,33
LK-1306175,515,474,41
LK-1306180,506,459,47
LK-1306185,314,287,27
LK-1306190,450,412,38
LK-1306195,234,214,20
LK-1306200,307,288,19
LK-1306205,365,314,51
LK-1306210,589,520,69
LK-1306215,620,555,65
LK-1306220,664,617,47
LK-1306225,846,750,96
LK-1306230,499,443,56
LK-1306235,531,472,59
LK-1306240,544,484,60
LK-1306245,509,460,49
LK-1306250,425,400,25
LK-1306255,256,220,36
LK-1306260,396,362,34
LK-1306265,377,357,20
LK-1306270,219,214,5
LK-1306275,167,150,17
LK-1306280,247,223,24
LK-1306285,442,411,31
LK-1306290,440,419,21
LK-1306295,288,259,29
LK-1309,32879,29153,3726
LK-1309005,643,562,81
LK-1309010,562,488,74
LK-1309015,438,396,42
LK-1309020,426,370,56
LK-1309025,883,779,104
LK-1309030,669,621,48
LK-1309035,1175,1058,117
LK-1309040,911,767,144
LK-1309045,523,438,85
LK-1309050,978,884,94
LK-1309055,807,686,121
LK-1309060,768,694,74
LK-1309065,538,477,61
LK-1309070,482,442,40
LK-1309075,839,767,72
LK-1309080,518,470,48
LK-1309085,414,386,28
LK-1309090,846,757,89
LK-1309095,485,446,39
LK-1309100,667,596,71
LK-1309105,565,487,78
LK-1309110,692,565,127
LK-1309115,158,142,16
LK-1309120,499,452,47
LK-1309125,460,414,46
LK-1309130,484,425,59
LK-1309135,530,484,46
LK-1309140,435,402,33
LK-1309145,269,243,26
LK-1309150,486,440,46
LK-1309155,351,303,48
LK-1309160,571,506,65
LK-1309165,607,549,58
LK-1309170,624,552,72
LK-1309175,409,373,36
LK-1309180,627,556,71
LK-1309185,226,194,32
LK-1309190,556,479,77
LK-1309195,372,328,44
LK-1309200,467,416,51
LK-1309205,256,242,14
LK-1309210,577,457,120
LK-1309215,443,374,69
LK-1309220,854,716,138
LK-1309225,371,344,27
LK-1309230,676,624,52
LK-1309235,231,210,21
LK-1309240,259,242,17
LK-1309245,502,450,52
LK-1309250,650,572,78
LK-1309255,307,277,30
LK-1309260,593,535,58
LK-1309265,323,284,39
LK-1309270,477,427,50
LK-1309275,834,744,90
LK-1309280,367,320,47
LK-1309285,339,298,41
LK-1309290,351,312,39
LK-1309295,574,523,51
LK-1309300,521,481,40
LK-1309305,414,327,87
LK-1310,15533,13815,1718
LK-1310005,426,369,57
LK-1310010,636,556,80
LK-1310015,493,445,48
LK-1310020,334,284,50
LK-1310025,245,227,18
LK-1310030,417,381,36
LK-1310035,243,211,32
LK-1310040,325,288,37
LK-1310045,383,331,52
LK-1310050,140,126,14
LK-1310055,374,336,38
LK-1310060,407,375,32
LK-1310065,561,538,23
LK-1310070,934,855,79
LK-1310075,357,319,38
LK-1310080,543,490,53
LK-1310085,402,362,40
LK-1310090,769,669,100
LK-1310095,1004,893,111
LK-1310100,378,333,45
LK-1310105,617,537,80
LK-1310110,571,525,46
LK-1310115,367,315,52
LK-1310120,551,487,64
LK-1310125,868,763,105
LK-1310130,828,736,92
LK-1310135,572,498,74
LK-1310140,227,200,27
LK-1310145,518,464,54
LK-1310150,574,502,72
LK-1310155,469,400,69
LK-1312,19603,17168,2435
LK-1312005,384,350,34
LK-1312010,437,390,47
LK-1312015,284,251,33
LK-1312020,213,180,33
LK-1312025,233,205,28
LK-1312030,194,176,18
LK-1312035,845,692,153
LK-1312040,319,291,28
LK-1312045,261,212,49
LK-1312050,189,169,20
LK-1312055,337,295,42
LK-1312060,616,563,53
LK-1312065,500,431,69
LK-1312070,367,297,70
LK-1312075,273,242,31
LK-1312080,378,350,28
LK-1312085,485,421,64
LK-1312090,574,482,92
LK-1312095,513,441,72
LK-1312100,663,576,87
LK-1312105,316,287,29
LK-1312110,565,505,60
LK-1312115,274,236,38
LK-1312120,426,375,51
LK-1312125,526,464,62
LK-1312130,355,298,57
LK-1312135,337,293,44
LK-1312140,373,323,50
LK-1312145,468,399,69
LK-1312150,389,337,52
LK-1312155,192,154,38
LK-1312160,243,208,35
LK-1312165,432,386,46
LK-1312170,255,224,31
LK-1312175,267,229,38
LK-1312180,259,227,32
LK-1312185,252,226,26
LK-1312190,435,407,28
LK-1312195,314,233,81
LK-1312200,409,371,38
LK-1312205,362,301,61
LK-1312210,352,276,76
LK-1312215,239,221,18
LK-1312220,247,209,38
LK-1312225,279,254,25
LK-1312230,328,302,26
LK-1312235,351,301,50
LK-1312240,377,351,26
LK-1312245,448,402,46
LK-1312250,349,327,22
LK-1312255,203,186,17
LK-1312260,259,244,15
LK-1312265,392,356,36
LK-1312270,265,242,23
LK-1315,9992,8968,1024
LK-1315005,465,420,45
LK-1315010,181,156,25
LK-1315015,266,235,31
LK-1315020,648,569,79
LK-1315025,285,242,43
LK-1315030,423,393,30
LK-1315035,559,496,63
LK-1315040,502,438,64
LK-1315045,183,170,13
LK-1315050,323,296,27
LK-1315055,300,255,45
LK-1315060,317,295,22
LK-1315065,172,155,17
LK-1315070,213,192,21
LK-1315075,238,227,11
LK-1315080,131,120,11
LK-1315085,301,279,22
LK-1315090,206,182,24
LK-1315095,353,312,41
LK-1315100,232,215,17
LK-1315105,382,348,34
LK-1315110,215,200,15
LK-1315115,323,300,23
LK-1315120,301,256,45
LK-1315125,208,189,19
LK-1315130,207,178,29
LK-1315135,358,323,35
LK-1315140,309,279,30
LK-1315145,449,397,52
LK-1315150,332,304,28
LK-1315155,197,177,20
LK-1315160,183,162,21
LK-1315165,230,208,22
LK-1318,15071,13510,1561
LK-1318005,531,482,49
LK-1318010,647,602,45
LK-1318015,383,322,61
LK-1318020,837,727,110
LK-1318025,297,268,29
LK-1318030,709,617,92
LK-1318035,256,231,25
LK-1318040,265,238,27
LK-1318045,273,246,27
LK-1318050,427,382,45
LK-1318055,337,305,32
LK-1318060,329,307,22
LK-1318065,442,404,38
LK-1318070,572,515,57
LK-1318075,296,271,25
LK-1318080,267,245,22
LK-1318085,216,187,29
LK-1318090,360,313,47
LK-1318095,329,288,41
LK-1318100,217,193,24
LK-1318105,292,269,23
LK-1318110,367,331,36
LK-1318115,139,127,12
LK-1318120,459,417,42
LK-1318125,381,358,23
LK-1318130,476,424,52
LK-1318135,554,498,56
LK-1318140,228,217,11
LK-1318145,275,242,33
LK-1318150,332,302,30
LK-1318155,319,282,37
LK-1318160,321,280,41
LK-1318165,336,308,28
LK-1318170,649,555,94
LK-1318175,159,146,13
LK-1318180,350,314,36
LK-1318185,167,155,12
LK-1318190,359,324,35
LK-1318195,232,208,24
LK-1318200,82,78,4
LK-1318205,192,171,21
LK-1318210,123,106,17
LK-1318215,143,126,17
LK-1318220,146,129,17
LK-1321,42608,38308,4300
LK-1321005,268,235,33
LK-1321010,630,558,72
LK-1321015,386,356,30
LK-1321020,287,262,25
LK-1321025,479,427,52
LK-1321030,298,282,16
LK-1321035,534,484,50
LK-1321040,842,766,76
LK-1321045,267,241,26
LK-1321050,686,619,67
LK-1321055,552,484,68
LK-1321060,350,304,46
LK-1321065,437,398,39
LK-1321070,266,235,31
LK-1321075,742,673,69
LK-1321080,403,367,36
LK-1321085,504,443,61
LK-1321090,562,521,41
LK-1321095,659,564,95
LK-1321100,619,578,41
LK-1321105,397,367,30
LK-1321110,347,313,34
LK-1321115,404,372,32
LK-1321120,331,307,24
LK-1321125,478,437,41
LK-1321130,613,575,38
LK-1321135,427,392,35
LK-1321140,177,156,21
LK-1321145,478,417,61
LK-1321150,335,308,27
LK-1321155,254,234,20
LK-1321160,208,189,19
LK-1321165,296,268,28
LK-1321170,312,293,19
LK-1321175,355,326,29
LK-1321180,568,500,68
LK-1321185,724,670,54
LK-1321190,646,584,62
LK-1321195,717,644,73
LK-1321200,384,353,31
LK-1321205,582,523,59
LK-1321210,250,226,24
LK-1321215,500,463,37
LK-1321220,413,373,40
LK-1321225,1117,979,138
LK-1321230,408,381,27
LK-1321235,435,386,49
LK-1321240,717,632,85
LK-1321245,609,544,65
LK-1321250,555,487,68
LK-1321255,603,554,49
LK-1321260,409,366,43
LK-1321265,743,654,89
LK-1321270,426,382,44
LK-1321275,444,381,63
LK-1321280,470,402,68
LK-1321285,500,441,59
LK-1321290,593,528,65
LK-1321295,256,236,20
LK-1321300,295,256,39
LK-1321305,898,813,85
LK-1321310,274,245,29
LK-1321315,656,586,70
LK-1321320,290,270,20
LK-1321325,460,427,33
LK-1321330,336,286,50
LK-1321335,437,377,60
LK-1321340,406,373,33
LK-1321345,506,469,37
LK-1321350,833,733,100
LK-1321355,596,519,77
LK-1321360,690,598,92
LK-1321365,135,128,7
LK-1321370,277,260,17
LK-1321375,882,766,116
LK-1321380,493,447,46
LK-1321385,331,314,17
LK-1321390,542,498,44
LK-1321395,959,857,102
LK-1321400,516,470,46
LK-1321405,924,799,125
LK-1321410,710,612,98
LK-1321415,388,366,22
LK-1321420,299,273,26
LK-1321425,422,385,37
LK-1321430,271,244,27
LK-1321435,530,497,33
LK-1324,39317,35743,3574
LK-1324005,494,468,26
LK-1324010,348,326,22
LK-1324015,365,344,21
LK-1324020,627,561,66
LK-1324025,777,708,69
LK-1324030,326,302,24
LK-1324035,649,571,78
LK-1324040,589,523,66
LK-1324045,324,287,37
LK-1324050,566,490,76
LK-1324055,695,623,72
LK-1324060,546,512,34
LK-1324065,270,248,22
LK-1324070,460,415,45
LK-1324075,534,478,56
LK-1324080,339,299,40
LK-1324085,310,291,19
LK-1324090,389,341,48
LK-1324095,609,582,27
LK-1324100,399,371,28
LK-1324105,487,415,72
LK-1324110,294,264,30
LK-1324115,605,543,62
LK-1324120,507,452,55
LK-1324125,726,662,64
LK-1324130,752,710,42
LK-1324135,584,544,40
LK-1324140,330,278,52
LK-1324145,256,235,21
LK-1324150,167,154,13
LK-1324155,277,256,21
LK-1324160,539,483,56
LK-1324165,377,346,31
LK-1324170,402,358,44
LK-1324175,525,481,44
LK-1324180,380,346,34
LK-1324185,306,283,23
LK-1324190,859,796,63
LK-1324195,320,295,25
LK-1324200,592,545,47
LK-1324205,500,463,37
LK-1324210,286,268,18
LK-1324215,845,766,79
LK-1324220,743,646,97
LK-1324225,302,273,29
LK-1324230,1209,1173,36
LK-1324235,458,434,24
LK-1324240,397,379,18
LK-1324245,1192,1071,121
LK-1324250,906,827,79
LK-1324255,411,360,51
LK-1324260,260,233,27
LK-1324265,616,549,67
LK-1324270,390,349,41
LK-1324275,358,335,23
LK-1324280,502,444,58
LK-1324285,988,940,48
LK-1324290,483,445,38
LK-1324295,833,675,158
LK-1324300,346,308,38
LK-1324305,332,296,36
LK-1324310,278,258,20
LK-1324315,327,296,31
LK-1324320,394,359,35
LK-1324325,539,504,35
LK-1324330,160,156,4
LK-1324335,190,180,10
LK-1324340,539,500,39
LK-1324345,247,231,16
LK-1324350,404,365,39
LK-1324355,129,115,14
LK-1324360,185,169,16
LK-1324365,779,715,64
LK-1324370,407,370,37
LK-1324375,442,397,45
LK-1324380,584,547,37
LK-1324385,360,328,32
LK-1324390,478,425,53
LK-1324395,417,364,53
LK-1324400,501,457,44
LK-1324405,419,352,67
LK-1324410,280,235,45
LK-1327,18353,16346,2007
LK-1327005,203,188,15
LK-1327010,185,169,16
LK-1327015,265,236,29
LK-1327020,221,201,20
LK-1327025,350,291,59
LK-1327030,359,296,63
LK-1327035,436,390,46
LK-1327040,328,297,31
LK-1327045,146,128,18
LK-1327050,582,536,46
LK-1327055,343,318,25
LK-1327060,206,181,25
LK-1327065,437,383,54
LK-1327070,423,368,55
LK-1327075,254,212,42
LK-1327080,194,178,16
LK-1327085,383,342,41
LK-1327090,450,392,58
LK-1327095,666,626,40
LK-1327100,483,450,33
LK-1327105,315,281,34
LK-1327110,410,371,39
LK-1327115,697,641,56
LK-1327120,500,449,51
LK-1327125,342,307,35
LK-1327130,387,332,55
LK-1327135,271,232,39
LK-1327140,271,243,28
LK-1327145,394,339,55
LK-1327150,507,455,52
LK-1327155,322,300,22
LK-1327160,443,396,47
LK-1327165,683,625,58
LK-1327170,831,735,96
LK-1327175,954,815,139
LK-1327180,210,207,3
LK-1327185,588,526,62
LK-1327190,583,509,74
LK-1327195,408,379,29
LK-1327200,465,403,62
LK-1327205,313,283,30
LK-1327210,639,530,109
LK-1327215,302,256,46
LK-1327220,420,382,38
LK-1327225,184,168,16
LK-1330,23184,20565,2619
LK-1330005,243,226,17
LK-1330010,421,380,41
LK-1330015,193,177,16
LK-1330020,485,441,44
LK-1330025,603,539,64
LK-1330030,346,315,31
LK-1330035,502,454,48
LK-1330040,649,561,88
LK-1330045,654,577,77
LK-1330050,151,125,26
LK-1330055,644,559,85
LK-1330060,639,536,103
LK-1330065,657,582,75
LK-1330070,582,512,70
LK-1330075,440,386,54
LK-1330080,297,269,28
LK-1330085,332,299,33
LK-1330090,846,729,117
LK-1330095,714,630,84
LK-1330100,460,406,54
LK-1330105,462,432,30
LK-1330110,518,488,30
LK-1330115,490,417,73
LK-1330120,504,453,51
LK-1330125,418,383,35
LK-1330130,456,404,52
LK-1330135,731,645,86
LK-1330140,631,553,78
LK-1330145,476,420,56
LK-1330150,385,330,55
LK-1330155,231,209,22
LK-1330160,263,237,26
LK-1330165,299,267,32
LK-1330170,470,422,48
LK-1330175,196,176,20
LK-1330180,765,704,61
LK-1330185,461,428,33
LK-1330190,302,267,35
LK-1330195,177,166,11
LK-1330200,224,203,21
LK-1330205,269,247,22
LK-1330210,307,279,28
LK-1330215,369,323,46
LK-1330220,255,210,45
LK-1330225,271,213,58
LK-1330230,229,221,8
LK-1330235,293,268,25
LK-1330240,690,538,152
LK-1330245,183,144,39
LK-1330250,161,145,16
LK-1330255,253,233,20
LK-1330260,282,251,31
LK-1330265,363,330,33
LK-1330270,196,171,25
LK-1330275,298,282,16
LK-1330280,214,191,23
LK-1330285,234,212,22
LK-1333,10899,9572,1327
LK-1333005,415,358,57
LK-1333010,462,418,44
LK-1333015,289,253,36
LK-1333020,176,156,20
LK-1333025,318,269,49
LK-1333030,452,411,41
LK-1333035,238,209,29
LK-1333040,334,305,29
LK-1333045,491,426,65
LK-1333050,555,496,59
LK-1333055,471,410,61
LK-1333060,236,213,23
LK-1333065,243,227,16
LK-1333070,403,360,43
LK-1333075,423,367,56
LK-1333080,451,407,44
LK-1333085,411,385,26
LK-1333090,359,324,35
LK-1333095,100,87,13
LK-1333100,172,143,29
LK-1333105,293,250,43
LK-1333110,482,425,57
LK-1333115,239,204,35
LK-1333120,244,176,68
LK-1333125,319,261,58
LK-1333130,230,201,29
LK-1333135,348,290,58
LK-1333140,206,184,22
LK-1333145,223,186,37
LK-1333150,258,238,20
LK-1333155,259,234,25
LK-1333160,213,187,26
LK-1333165,360,311,49
LK-1333170,226,201,25
LK-1336,15516,13612,1904
LK-1336005,187,163,24
LK-1336010,265,235,30
LK-1336015,267,243,24
LK-1336020,255,217,38
LK-1336025,331,287,44
LK-1336030,503,438,65
LK-1336035,447,395,52
LK-1336040,670,536,134
LK-1336045,533,487,46
LK-1336050,184,160,24
LK-1336055,348,273,75
LK-1336060,386,349,37
LK-1336065,365,325,40
LK-1336070,250,226,24
LK-1336075,694,632,62
LK-1336080,503,469,34
LK-1336085,414,379,35
LK-1336090,264,250,14
LK-1336095,137,112,25
LK-1336100,375,345,30
LK-1336105,277,246,31
LK-1336110,428,390,38
LK-1336115,532,492,40
LK-1336120,572,535,37
LK-1336125,369,330,39
LK-1336130,412,370,42
LK-1336135,201,173,28
LK-1336140,372,324,48
LK-1336145,267,241,26
LK-1336150,380,307,73
LK-1336155,520,460,60
LK-1336160,247,207,40
LK-1336165,312,274,38
LK-1336170,200,178,22
LK-1336175,190,159,31
LK-1336180,409,335,74
LK-1336185,214,179,35
LK-1336190,342,305,37
LK-1336195,290,254,36
LK-1336200,50,31,19
LK-1336205,407,338,69
LK-1336210,117,104,13
LK-1336215,1030,859,171
LK-1339,16771,14562,2209
LK-1339005,277,223,54
LK-1339010,352,299,53
LK-1339015,167,147,20
LK-1339020,119,106,13
LK-1339025,268,235,33
LK-1339030,357,303,54
LK-1339035,365,324,41
LK-1339040,489,422,67
LK-1339045,312,287,25
LK-1339050,253,225,28
LK-1339055,428,353,75
LK-1339060,324,278,46
LK-1339065,265,244,21
LK-1339070,224,165,59
LK-1339075,266,224,42
LK-1339080,210,190,20
LK-1339085,267,229,38
LK-1339090,279,251,28
LK-1339095,247,229,18
LK-1339100,319,279,40
LK-1339105,247,224,23
LK-1339110,278,258,20
LK-1339115,188,168,20
LK-1339120,197,177,20
LK-1339125,214,179,35
LK-1339130,385,333,52
LK-1339135,251,222,29
LK-1339140,179,164,15
LK-1339145,260,241,19
LK-1339150,389,334,55
LK-1339155,291,236,55
LK-1339160,299,253,46
LK-1339165,427,356,71
LK-1339170,390,344,46
LK-1339175,225,212,13
LK-1339180,233,191,42
LK-1339185,311,261,50
LK-1339190,397,351,46
LK-1339195,225,203,22
LK-1339200,175,162,13
LK-1339205,222,198,24
LK-1339210,198,169,29
LK-1339215,274,251,23
LK-1339220,140,126,14
LK-1339225,253,231,22
LK-1339230,289,253,36
LK-1339235,297,271,26
LK-1339240,256,221,35
LK-1339245,207,180,27
LK-1339250,220,192,28
LK-1339255,386,347,39
LK-1339260,483,428,55
LK-1339265,262,218,44
LK-1339270,385,309,76
LK-1339275,139,132,7
LK-1339280,361,324,37
LK-1339285,320,253,67
LK-1339290,300,208,92
LK-1339295,160,140,20
LK-1339300,270,229,41
LK-2,728872,649441,79431
LK-21,384714,342911,41803
LK-2103,10902,9812,1090
LK-2103005,195,183,12
LK-2103010,143,136,7
LK-2103015,172,158,14
LK-2103020,120,107,13
LK-2103025,153,133,20
LK-2103030,158,139,19
LK-2103035,78,74,4
LK-2103040,124,118,6
LK-2103045,228,208,20
LK-2103050,92,79,13
LK-2103055,121,114,7
LK-2103060,181,164,17
LK-2103065,229,211,18
LK-2103070,100,88,12
LK-2103075,200,188,12
LK-2103080,122,114,8
LK-2103085,211,193,18
LK-2103090,255,219,36
LK-2103095,195,180,15
LK-2103100,305,264,41
LK-2103105,89,78,11
LK-2103110,290,257,33
LK-2103115,184,168,16
LK-2103120,156,140,16
LK-2103125,125,117,8
LK-2103130,165,150,15
LK-2103135,260,227,33
LK-2103140,151,139,12
LK-2103145,93,82,11
LK-2103150,150,138,12
LK-2103155,119,104,15
LK-2103160,149,141,8
LK-2103165,194,176,18
LK-2103170,177,171,6
LK-2103175,165,156,9
LK-2103180,159,143,16
LK-2103185,139,122,17
LK-2103190,209,185,24
LK-2103195,154,121,33
LK-2103200,235,210,25
LK-2103205,191,165,26
LK-2103210,211,192,19
LK-2103215,111,101,10
LK-2103220,145,129,16
LK-2103225,120,106,14
LK-2103230,132,121,11
LK-2103235,130,109,21
LK-2103240,104,95,9
LK-2103245,117,99,18
LK-2103250,180,161,19
LK-2103255,199,173,26
LK-2103260,116,103,13
LK-2103265,258,231,27
LK-2103270,183,168,15
LK-2103275,218,203,15
LK-2103280,244,215,29
LK-2103285,218,200,18
LK-2103290,197,178,19
LK-2103295,221,210,11
LK-2103300,79,73,6
LK-2103305,159,143,16
LK-2103310,44,40,4
LK-2103315,131,113,18
LK-2103320,198,182,16
LK-2103325,145,110,35
LK-2103330,51,47,4
LK-2103335,55,50,5
LK-2106,15503,14070,1433
LK-2106005,305,252,53
LK-2106010,165,151,14
LK-2106015,253,232,21
LK-2106020,328,293,35
LK-2106025,311,285,26
LK-2106030,204,174,30
LK-2106035,201,181,20
LK-2106040,294,259,35
LK-2106045,317,296,21
LK-2106050,181,161,20
LK-2106055,175,161,14
LK-2106060,170,146,24
LK-2106065,201,185,16
LK-2106070,186,166,20
LK-2106075,423,399,24
LK-2106080,121,107,14
LK-2106085,322,311,11
LK-2106090,366,332,34
LK-2106095,218,206,12
LK-2106100,140,130,10
LK-2106105,177,142,35
LK-2106110,116,99,17
LK-2106115,252,222,30
LK-2106120,148,117,31
LK-2106125,292,252,40
LK-2106130,234,217,17
LK-2106135,345,319,26
LK-2106140,281,265,16
LK-2106145,190,169,21
LK-2106150,246,234,12
LK-2106155,244,225,19
LK-2106160,288,268,20
LK-2106165,282,266,16
LK-2106170,266,250,16
LK-2106175,262,243,19
LK-2106180,203,158,45
LK-2106185,179,156,23
LK-2106190,176,158,18
LK-2106195,233,213,20
LK-2106200,130,117,13
LK-2106205,231,215,16
LK-2106210,181,179,2
LK-2106215,267,239,28
LK-2106220,179,165,14
LK-2106225,268,241,27
LK-2106230,300,269,31
LK-2106235,148,138,10
LK-2106240,258,233,25
LK-2106245,216,193,23
LK-2106250,172,159,13
LK-2106255,178,159,19
LK-2106260,195,181,14
LK-2106265,212,188,24
LK-2106270,291,244,47
LK-2106275,116,104,12
LK-2106280,262,239,23
LK-2106285,144,136,8
LK-2106290,160,153,7
LK-2106295,143,132,11
LK-2106300,165,155,10
LK-2106305,263,251,12
LK-2106310,213,200,13
LK-2106315,272,250,22
LK-2106320,358,307,51
LK-2106325,503,468,35
LK-2106330,239,214,25
LK-2106335,144,141,3
LK-2109,13697,12661,1036
LK-2109005,446,395,51
LK-2109010,446,403,43
LK-2109015,515,457,58
LK-2109020,286,257,29
LK-2109025,1013,929,84
LK-2109030,284,255,29
LK-2109035,491,444,47
LK-2109040,338,308,30
LK-2109045,434,403,31
LK-2109050,362,337,25
LK-2109055,387,362,25
LK-2109060,312,298,14
LK-2109065,256,242,14
LK-2109070,268,250,18
LK-2109075,283,265,18
LK-2109080,441,379,62
LK-2109085,361,353,8
LK-2109090,198,194,4
LK-2109095,357,346,11
LK-2109100,395,373,22
LK-2109105,545,529,16
LK-2109110,328,316,12
LK-2109115,558,527,31
LK-2109120,487,456,31
LK-2109125,348,313,35
LK-2109130,351,310,41
LK-2109135,189,180,9
LK-2109140,155,146,9
LK-2109145,492,430,62
LK-2109150,328,297,31
LK-2109155,219,205,14
LK-2109160,624,600,24
LK-2109165,389,358,31
LK-2109170,383,352,31
LK-2109175,428,392,36
LK-2112,24051,21880,2171
LK-2112005,419,370,49
LK-2112010,381,337,44
LK-2112015,638,583,55
LK-2112020,308,267,41
LK-2112025,593,552,41
LK-2112030,329,317,12
LK-2112035,313,280,33
LK-2112040,269,240,29
LK-2112045,307,282,25
LK-2112050,233,206,27
LK-2112055,365,331,34
LK-2112060,391,351,40
LK-2112065,264,227,37
LK-2112070,684,627,57
LK-2112075,906,796,110
LK-2112080,214,205,9
LK-2112085,454,381,73
LK-2112090,321,284,37
LK-2112095,640,580,60
LK-2112100,557,512,45
LK-2112105,355,334,21
LK-2112110,691,641,50
LK-2112115,659,611,48
LK-2112120,334,305,29
LK-2112125,229,219,10
LK-2112130,351,320,31
LK-2112135,310,275,35
LK-2112140,446,412,34
LK-2112145,467,424,43
LK-2112150,247,225,22
LK-2112155,437,404,33
LK-2112160,329,303,26
LK-2112165,522,488,34
LK-2112170,858,798,60
LK-2112175,708,665,43
LK-2112180,975,914,61
LK-2112185,575,517,58
LK-2112190,245,221,24
LK-2112195,326,284,42
LK-2112200,412,336,76
LK-2112205,383,348,35
LK-2112210,485,449,36
LK-2112215,435,416,19
LK-2112220,546,501,45
LK-2112225,586,526,60
LK-2112230,439,403,36
LK-2112235,695,627,68
LK-2112240,699,612,87
LK-2112245,583,547,36
LK-2112250,500,450,50
LK-2112255,335,304,31
LK-2112260,303,273,30
LK-2115,8358,7017,1341
LK-2115005,1270,1057,213
LK-2115010,324,250,74
LK-2115015,696,593,103
LK-2115020,879,688,191
LK-2115025,953,770,183
LK-2115030,344,290,54
LK-2115035,304,245,59
LK-2115040,525,446,79
LK-2115045,801,726,75
LK-2115050,538,432,106
LK-2115055,474,415,59
LK-2115060,324,302,22
LK-2115065,215,196,19
LK-2115070,711,607,104
LK-2118,7324,6309,1015
LK-2118005,117,93,24
LK-2118010,93,78,15
LK-2118015,38,33,5
LK-2118020,93,83,10
LK-2118025,38,25,13
LK-2118030,150,126,24
LK-2118035,104,88,16
LK-2118040,86,75,11
LK-2118045,96,93,3
LK-2118050,66,63,3
LK-2118055,65,58,7
LK-2118060,119,99,20
LK-2118065,223,214,9
LK-2118070,158,138,20
LK-2118075,154,124,30
LK-2118080,96,83,13
LK-2118085,135,93,42
LK-2118090,146,108,38
LK-2118095,80,61,19
LK-2118100,82,66,16
LK-2118105,136,117,19
LK-2118110,94,89,5
LK-2118115,86,72,14
LK-2118120,148,130,18
LK-2118125,99,91,8
LK-2118130,66,54,12
LK-2118135,189,171,18
LK-2118140,163,138,25
LK-2118145,117,104,13
LK-2118150,360,302,58
LK-2118155,146,128,18
LK-2118160,103,88,15
LK-2118165,95,77,18
LK-2118170,138,111,27
LK-2118175,196,166,30
LK-2118180,115,97,18
LK-2118185,87,76,11
LK-2118190,69,59,10
LK-2118195,153,132,21
LK-2118200,50,45,5
LK-2118205,90,77,13
LK-2118210,60,54,6
LK-2118215,98,93,5
LK-2118220,96,82,14
LK-2118225,183,156,27
LK-2118230,85,68,17
LK-2118235,84,75,9
LK-2118240,168,137,31
LK-2118245,135,124,11
LK-2118250,62,56,6
LK-2118255,69,62,7
LK-2118260,87,74,13
LK-2118265,98,79,19
LK-2118270,140,123,17
LK-2118275,111,96,15
LK-2118280,123,110,13
LK-2118285,48,42,6
LK-2118290,210,186,24
LK-2118295,224,209,15
LK-2118300,136,126,10
LK-2118305,60,49,11
LK-2118310,92,77,15
LK-2118315,116,106,10
LK-2121,15584,14056,1528
LK-2121005,38,33,5
LK-2121010,59,59,0
LK-2121015,497,459,38
LK-2121020,435,378,57
LK-2121025,626,570,56
LK-2121030,473,432,41
LK-2121035,344,312,32
LK-2121040,285,232,53
LK-2121045,98,92,6
LK-2121050,48,38,10
LK-2121055,328,286,42
LK-2121060,372,318,54
LK-2121065,376,346,30
LK-2121070,468,434,34
LK-2121075,434,386,48
LK-2121080,269,242,27
LK-2121085,215,196,19
LK-2121090,416,367,49
LK-2121095,119,102,17
LK-2121100,315,284,31
LK-2121105,177,168,9
LK-2121110,268,236,32
LK-2121115,329,305,24
LK-2121120,243,220,23
LK-2121125,426,388,38
LK-2121130,235,222,13
LK-2121135,391,346,45
LK-2121140,544,492,52
LK-2121145,454,401,53
LK-2121150,362,331,31
LK-2121155,357,333,24
LK-2121160,289,220,69
LK-2121165,307,281,26
LK-2121170,467,432,35
LK-2121175,504,459,45
LK-2121180,241,221,20
LK-2121185,338,314,24
LK-2121190,353,322,31
LK-2121195,306,289,17
LK-2121200,511,473,38
LK-2121205,429,373,56
LK-2121210,201,193,8
LK-2121215,221,197,24
LK-2121220,267,242,25
LK-2121225,344,313,31
LK-2121230,375,340,35
LK-2121235,213,188,25
LK-2121240,217,191,26
LK-2124,18460,16091,2369
LK-2124005,97,69,28
LK-2124010,214,200,14
LK-2124015,142,109,33
LK-2124020,93,77,16
LK-2124025,247,199,48
LK-2124030,152,129,23
LK-2124035,120,100,20
LK-2124040,112,99,13
LK-2124045,82,75,7
LK-2124050,157,135,22
LK-2124055,89,81,8
LK-2124060,327,291,36
LK-2124065,223,205,18
LK-2124070,232,195,37
LK-2124075,145,122,23
LK-2124080,136,94,42
LK-2124085,198,151,47
LK-2124090,77,54,23
LK-2124095,196,162,34
LK-2124100,137,127,10
LK-2124105,280,249,31
LK-2124110,92,85,7
LK-2124115,136,123,13
LK-2124120,314,273,41
LK-2124125,157,134,23
LK-2124130,175,154,21
LK-2124135,84,75,9
LK-2124140,191,168,23
LK-2124145,151,135,16
LK-2124150,220,186,34
LK-2124155,194,162,32
LK-2124160,141,122,19
LK-2124165,226,202,24
LK-2124170,132,102,30
LK-2124175,139,115,24
LK-2124180,138,127,11
LK-2124185,153,145,8
LK-2124190,118,103,15
LK-2124195,141,129,12
LK-2124200,104,93,11
LK-2124205,184,160,24
LK-2124210,219,180,39
LK-2124215,122,114,8
LK-2124220,270,240,30
LK-2124225,286,248,38
LK-2124230,204,183,21
LK-2124235,276,239,37
LK-2124240,210,183,27
LK-2124245,220,201,19
LK-2124250,433,365,68
LK-2124255,291,256,35
LK-2124260,215,197,18
LK-2124265,142,125,17
LK-2124270,132,103,29
LK-2124275,321,240,81
LK-2124280,277,238,39
LK-2124285,235,174,61
LK-2124290,229,203,26
LK-2124295,157,135,22
LK-2124300,188,170,18
LK-2124305,200,179,21
LK-2124310,206,192,14
LK-2124315,250,210,40
LK-2124320,157,144,13
LK-2124325,172,159,13
LK-2124330,196,174,22
LK-2124335,313,272,41
LK-2124340,543,491,52
LK-2124345,317,298,19
LK-2124350,372,348,24
LK-2124355,223,194,29
LK-2124360,239,224,15
LK-2124365,221,189,32
LK-2124370,148,131,17
LK-2124375,208,198,10
LK-2124380,555,495,60
LK-2124385,271,243,28
LK-2124390,256,221,35
LK-2124395,117,102,15
LK-2124400,207,168,39
LK-2124405,172,151,21
LK-2124410,173,151,22
LK-2124415,195,176,19
LK-2124425,247,227,20
LK-2124430,185,175,10
LK-2124435,157,136,21
LK-2124440,237,207,30
LK-2124445,188,172,16
LK-2124450,165,136,29
LK-2124455,155,151,4
LK-2124460,120,103,17
LK-2124465,93,79,14
LK-2124470,129,85,44
LK-2127,35981,31816,4165
LK-2127005,394,342,52
LK-2127010,279,248,31
LK-2127015,264,231,33
LK-2127020,400,356,44
LK-2127025,277,255,22
LK-2127030,269,234,35
LK-2127035,290,268,22
LK-2127040,300,253,47
LK-2127045,208,195,13
LK-2127050,266,249,17
LK-2127055,242,210,32
LK-2127060,275,255,20
LK-2127065,298,272,26
LK-2127070,231,200,31
LK-2127075,180,161,19
LK-2127080,400,363,37
LK-2127085,283,249,34
LK-2127090,583,517,66
LK-2127095,238,221,17
LK-2127100,453,409,44
LK-2127105,271,253,18
LK-2127110,267,248,19
LK-2127115,729,652,77
LK-2127120,462,421,41
LK-2127125,397,363,34
LK-2127130,332,317,15
LK-2127135,373,341,32
LK-2127140,329,288,41
LK-2127145,293,279,14
LK-2127150,282,256,26
LK-2127155,379,362,17
LK-2127160,226,210,16
LK-2127165,383,350,33
LK-2127170,645,577,68
LK-2127175,518,455,63
LK-2127180,364,337,27
LK-2127185,247,234,13
LK-2127190,319,303,16
LK-2127195,437,413,24
LK-2127200,280,271,9
LK-2127205,387,350,37
LK-2127210,289,263,26
LK-2127215,356,319,37
LK-2127220,376,340,36
LK-2127225,412,384,28
LK-2127230,314,281,33
LK-2127235,457,422,35
LK-2127240,284,267,17
LK-2127245,350,317,33
LK-2127250,454,390,64
LK-2127255,480,442,38
LK-2127260,430,380,50
LK-2127265,238,225,13
LK-2127270,388,350,38
LK-2127275,906,803,103
LK-2127280,590,547,43
LK-2127285,676,595,81
LK-2127290,926,756,170
LK-2127295,333,312,21
LK-2127300,436,397,39
LK-2127305,286,271,15
LK-2127310,180,164,16
LK-2127315,552,466,86
LK-2127320,249,226,23
LK-2127325,378,345,33
LK-2127330,259,230,29
LK-2127335,178,162,16
LK-2127340,324,294,30
LK-2127345,672,618,54
LK-2127350,655,548,107
LK-2127355,1377,1156,221
LK-2127360,1866,1610,256
LK-2127365,624,516,108
LK-2127370,1009,862,147
LK-2127375,325,286,39
LK-2127380,1187,700,487
LK-2127385,371,346,25
LK-2127390,910,801,109
LK-2127395,681,597,84
LK-2127400,1153,1060,93
LK-2130,41942,36593,5349
LK-2130005,738,643,95
LK-2130010,452,383,69
LK-2130015,480,404,76
LK-2130020,503,452,51
LK-2130025,751,622,129
LK-2130030,805,733,72
LK-2130035,576,502,74
LK-2130040,406,349,57
LK-2130045,452,402,50
LK-2130050,464,395,69
LK-2130055,781,702,79
LK-2130060,587,522,65
LK-2130065,516,481,35
LK-2130070,860,693,167
LK-2130075,434,359,75
LK-2130080,1154,1070,84
LK-2130085,578,528,50
LK-2130090,754,661,93
LK-2130095,495,406,89
LK-2130100,632,537,95
LK-2130105,381,332,49
LK-2130110,516,466,50
LK-2130115,504,446,58
LK-2130120,378,286,92
LK-2130125,527,450,77
LK-2130130,912,816,96
LK-2130135,407,346,61
LK-2130140,447,397,50
LK-2130145,369,317,52
LK-2130150,552,496,56
LK-2130155,861,785,76
LK-2130160,603,558,45
LK-2130165,594,555,39
LK-2130170,599,529,70
LK-2130175,585,445,140
LK-2130180,800,672,128
LK-2130185,702,609,93
LK-2130190,387,354,33
LK-2130195,345,298,47
LK-2130200,1073,980,93
LK-2130205,1275,1112,163
LK-2130210,753,641,112
LK-2130215,1005,874,131
LK-2130220,656,476,180
LK-2130225,463,385,78
LK-2130230,647,585,62
LK-2130235,518,463,55
LK-2130240,1730,1532,198
LK-2130245,770,693,77
LK-2130250,471,423,48
LK-2130255,479,421,58
LK-2130260,866,743,123
LK-2130265,727,631,96
LK-2130270,416,361,55
LK-2130275,919,779,140
LK-2130280,764,647,117
LK-2130285,421,412,9
LK-2130290,355,305,50
LK-2130295,393,353,40
LK-2130300,800,668,132
LK-2130305,1039,948,91
LK-2130310,752,647,105
LK-2130315,856,690,166
LK-2130320,907,823,84
LK-2133,24466,22312,2154
LK-2133005,192,171,21
LK-2133010,168,151,17
LK-2133015,244,227,17
LK-2133020,422,381,41
LK-2133025,135,116,19
LK-2133030,324,294,30
LK-2133035,317,282,35
LK-2133040,255,232,23
LK-2133045,271,250,21
LK-2133050,242,227,15
LK-2133055,185,169,16
LK-2133060,284,260,24
LK-2133065,309,289,20
LK-2133070,287,272,15
LK-2133075,405,379,26
LK-2133080,182,166,16
LK-2133085,222,208,14
LK-2133090,334,309,25
LK-2133095,281,258,23
LK-2133100,279,258,21
LK-2133105,262,234,28
LK-2133110,249,214,35
LK-2133115,171,164,7
LK-2133120,356,302,54
LK-2133125,462,409,53
LK-2133130,351,318,33
LK-2133135,347,309,38
LK-2133140,251,231,20
LK-2133145,580,526,54
LK-2133150,226,223,3
LK-2133155,135,128,7
LK-2133160,215,204,11
LK-2133165,298,264,34
LK-2133170,264,246,18
LK-2133175,250,236,14
LK-2133180,414,381,33
LK-2133185,459,413,46
LK-2133190,370,328,42
LK-2133195,310,285,25
LK-2133200,282,258,24
LK-2133205,265,237,28
LK-2133210,258,233,25
LK-2133215,241,224,17
LK-2133220,90,86,4
LK-2133225,242,215,27
LK-2133230,184,169,15
LK-2133235,190,179,11
LK-2133240,131,114,17
LK-2133245,230,193,37
LK-2133250,157,136,21
LK-2133255,303,275,28
LK-2133260,447,408,39
LK-2133265,390,363,27
LK-2133270,472,432,40
LK-2133275,409,370,39
LK-2133280,326,303,23
LK-2133285,453,408,45
LK-2133290,280,264,16
LK-2133295,484,456,28
LK-2133300,584,538,46
LK-2133305,538,489,49
LK-2133310,261,247,14
LK-2133315,220,194,26
LK-2133320,208,189,19
LK-2133325,108,103,5
LK-2133330,166,144,22
LK-2133335,276,234,42
LK-2133340,218,200,18
LK-2133345,201,187,14
LK-2133350,184,166,18
LK-2133355,298,275,23
LK-2133360,516,477,39
LK-2133365,343,316,27
LK-2133370,646,603,43
LK-2133375,208,188,20
LK-2133380,227,208,19
LK-2133385,154,137,17
LK-2133390,294,269,25
LK-2133395,207,194,13
LK-2133400,171,148,23
LK-2133405,237,217,20
LK-2133410,537,472,65
LK-2133415,207,191,16
LK-2133420,315,289,26
LK-2134,9033,8058,975
LK-2134005,145,114,31
LK-2134010,181,157,24
LK-2134015,230,205,25
LK-2134020,147,133,14
LK-2134025,205,176,29
LK-2134030,104,98,6
LK-2134035,238,205,33
LK-2134040,253,236,17
LK-2134045,155,150,5
LK-2134050,141,121,20
LK-2134055,127,120,7
LK-2134060,100,93,7
LK-2134065,185,163,22
LK-2134070,222,190,32
LK-2134075,105,93,12
LK-2134080,195,168,27
LK-2134085,99,86,13
LK-2134090,154,134,20
LK-2134095,323,295,28
LK-2134100,180,168,12
LK-2134105,156,146,10
LK-2134110,103,93,10
LK-2134115,76,71,5
LK-2134120,169,142,27
LK-2134125,141,129,12
LK-2134130,116,102,14
LK-2134135,156,139,17
LK-2134140,162,129,33
LK-2134145,112,96,16
LK-2134150,138,126,12
LK-2134155,154,141,13
LK-2134160,152,134,18
LK-2134165,156,143,13
LK-2134170,198,162,36
LK-2134175,124,114,10
LK-2134180,70,68,2
LK-2134185,185,168,17
LK-2134190,111,100,11
LK-2134195,128,114,14
LK-2134200,117,104,13
LK-2134205,127,116,11
LK-2134210,208,196,12
LK-2134215,166,150,16
LK-2134220,162,140,22
LK-2134225,174,156,18
LK-2134230,238,210,28
LK-2134235,216,204,12
LK-2134240,137,121,16
LK-2134245,191,161,30
LK-2134250,185,168,17
LK-2134255,140,113,27
LK-2134260,108,100,8
LK-2134265,187,167,20
LK-2134270,170,154,16
LK-2134275,153,132,21
LK-2134280,132,118,14
LK-2134285,126,126,0
LK-2136,29853,26980,2873
LK-2136005,215,198,17
LK-2136010,282,240,42
LK-2136015,167,151,16
LK-2136020,127,126,1
LK-2136025,149,134,15
LK-2136030,323,291,32
LK-2136035,171,153,18
LK-2136040,214,203,11
LK-2136045,364,323,41
LK-2136050,405,372,33
LK-2136055,371,299,72
LK-2136060,336,306,30
LK-2136065,249,232,17
LK-2136070,209,181,28
LK-2136075,364,317,47
LK-2136080,375,340,35
LK-2136085,323,283,40
LK-2136090,354,331,23
LK-2136095,386,338,48
LK-2136100,217,207,10
LK-2136105,219,196,23
LK-2136110,335,312,23
LK-2136115,311,283,28
LK-2136120,209,188,21
LK-2136125,299,279,20
LK-2136130,211,204,7
LK-2136135,468,435,33
LK-2136140,234,216,18
LK-2136145,157,144,13
LK-2136150,224,195,29
LK-2136155,205,205,0
LK-2136160,323,294,29
LK-2136165,158,153,5
LK-2136170,417,381,36
LK-2136175,183,167,16
LK-2136180,147,127,20
LK-2136185,169,163,6
LK-2136190,151,137,14
LK-2136195,182,170,12
LK-2136200,291,265,26
LK-2136205,252,229,23
LK-2136210,250,228,22
LK-2136215,191,187,4
LK-2136220,355,315,40
LK-2136225,462,425,37
LK-2136230,410,367,43
LK-2136235,357,327,30
LK-2136240,149,139,10
LK-2136245,293,269,24
LK-2136250,272,252,20
LK-2136255,318,286,32
LK-2136260,427,401,26
LK-2136265,301,270,31
LK-2136270,517,450,67
LK-2136275,230,201,29
LK-2136280,356,310,46
LK-2136285,282,239,43
LK-2136290,361,337,24
LK-2136295,288,259,29
LK-2136300,220,198,22
LK-2136305,497,466,31
LK-2136310,174,160,14
LK-2136315,157,138,19
LK-2136320,217,199,18
LK-2136325,251,229,22
LK-2136330,116,109,7
LK-2136335,221,192,29
LK-2136340,229,215,14
LK-2136345,232,216,16
LK-2136350,237,199,38
LK-2136355,290,263,27
LK-2136360,207,186,21
LK-2136365,360,323,37
LK-2136370,306,283,23
LK-2136375,284,269,15
LK-2136380,315,297,18
LK-2136385,274,251,23
LK-2136390,371,332,39
LK-2136395,926,830,96
LK-2136400,424,390,34
LK-2136405,430,392,38
LK-2136410,560,485,75
LK-2136415,607,541,66
LK-2136420,343,310,33
LK-2136425,339,317,22
LK-2136430,464,389,75
LK-2136435,444,405,39
LK-2136440,659,592,67
LK-2136445,496,427,69
LK-2136450,435,361,74
LK-2136455,446,413,33
LK-2136460,602,540,62
LK-2136465,310,284,26
LK-2136470,573,523,50
LK-2136475,272,226,46
LK-2139,29874,27197,2677
LK-2139005,171,162,9
LK-2139010,260,241,19
LK-2139015,185,175,10
LK-2139020,178,164,14
LK-2139025,261,236,25
LK-2139030,249,231,18
LK-2139035,296,270,26
LK-2139040,258,240,18
LK-2139045,252,234,18
LK-2139050,369,329,40
LK-2139055,348,310,38
LK-2139060,449,392,57
LK-2139065,283,252,31
LK-2139070,214,203,11
LK-2139075,222,211,11
LK-2139080,234,212,22
LK-2139085,156,144,12
LK-2139090,164,159,5
LK-2139095,180,163,17
LK-2139100,211,197,14
LK-2139105,222,202,20
LK-2139110,184,173,11
LK-2139115,344,301,43
LK-2139120,221,196,25
LK-2139125,316,261,55
LK-2139130,307,274,33
LK-2139135,170,151,19
LK-2139140,281,258,23
LK-2139145,305,265,40
LK-2139150,336,300,36
LK-2139155,315,273,42
LK-2139160,269,244,25
LK-2139165,238,218,20
LK-2139170,198,183,15
LK-2139175,209,203,6
LK-2139180,189,165,24
LK-2139185,204,197,7
LK-2139190,162,159,3
LK-2139195,199,183,16
LK-2139200,157,147,10
LK-2139205,170,154,16
LK-2139210,151,144,7
LK-2139215,191,174,17
LK-2139220,268,252,16
LK-2139225,134,131,3
LK-2139230,270,238,32
LK-2139235,202,177,25
LK-2139240,196,171,25
LK-2139245,148,148,0
LK-2139250,246,229,17
LK-2139255,264,238,26
LK-2139260,204,181,23
LK-2139265,203,194,9
LK-2139270,197,178,19
LK-2139275,204,186,18
LK-2139280,199,179,20
LK-2139285,211,199,12
LK-2139290,212,190,22
LK-2139295,261,224,37
LK-2139300,247,222,25
LK-2139305,225,205,20
LK-2139310,244,235,9
LK-2139315,462,433,29
LK-2139320,304,284,20
LK-2139325,182,165,17
LK-2139330,135,115,20
LK-2139335,231,206,25
LK-2139340,292,263,29
LK-2139345,332,303,29
LK-2139350,211,179,32
LK-2139355,159,135,24
LK-2139360,128,122,6
LK-2139365,207,190,17
LK-2139370,75,69,6
LK-2139375,213,198,15
LK-2139380,241,219,22
LK-2139385,285,264,21
LK-2139390,201,186,15
LK-2139395,225,210,15
LK-2139400,384,347,37
LK-2139405,261,228,33
LK-2139410,245,212,33
LK-2139415,407,361,46
LK-2139420,320,297,23
LK-2139425,207,188,19
LK-2139430,287,245,42
LK-2139435,255,241,14
LK-2139440,300,278,22
LK-2139445,397,360,37
LK-2139450,274,244,30
LK-2139455,254,254,0
LK-2139460,199,190,9
LK-2139465,143,132,11
LK-2139470,311,280,31
LK-2139475,138,128,10
LK-2139480,151,142,9
LK-2139485,207,193,14
LK-2139490,219,202,17
LK-2139495,462,435,27
LK-2139500,265,251,14
LK-2139505,508,458,50
LK-2139510,194,171,23
LK-2139515,374,343,31
LK-2139520,184,168,16
LK-2139525,214,193,21
LK-2139530,189,163,26
LK-2139535,228,201,27
LK-2139540,222,208,14
LK-2139545,230,206,24
LK-2139550,299,279,20
LK-2139555,166,152,14
LK-2139560,277,262,15
LK-2139565,338,305,33
LK-2139570,253,234,19
LK-2139575,439,397,42
LK-2139580,204,189,15
LK-2139585,181,164,17
LK-2139590,295,256,39
LK-2139595,228,208,20
LK-2139600,172,153,19
LK-2139605,110,92,18
LK-2139610,121,110,11
LK-2139615,276,244,32
LK-2139620,190,165,25
LK-2142,14740,12955,1785
LK-2142005,570,512,58
LK-2142010,434,358,76
LK-2142015,525,430,95
LK-2142020,395,353,42
LK-2142025,457,408,49
LK-2142030,329,300,29
LK-2142035,339,285,54
LK-2142040,646,579,67
LK-2142045,500,417,83
LK-2142050,852,731,121
LK-2142055,368,347,21
LK-2142060,452,392,60
LK-2142065,374,333,41
LK-2142070,290,261,29
LK-2142075,483,431,52
LK-2142080,316,303,13
LK-2142085,557,513,44
LK-2142090,534,503,31
LK-2142095,263,234,29
LK-2142100,319,283,36
LK-2142105,345,306,39
LK-2142110,379,361,18
LK-2142115,424,387,37
LK-2142120,235,214,21
LK-2142125,321,281,40
LK-2142130,513,456,57
LK-2142135,318,234,84
LK-2142140,261,225,36
LK-2142145,267,221,46
LK-2142150,478,396,82
LK-2142155,297,262,35
LK-2142160,1486,1289,197
LK-2142165,413,350,63
LK-2145,16766,14981,1785
LK-2145005,365,351,14
LK-2145010,196,189,7
LK-2145015,361,331,30
LK-2145020,437,411,26
LK-2145025,168,149,19
LK-2145030,172,160,12
LK-2145035,227,201,26
LK-2145040,269,233,36
LK-2145045,178,158,20
LK-2145050,235,213,22
LK-2145055,209,209,0
LK-2145060,213,147,66
LK-2145065,443,386,57
LK-2145070,127,112,15
LK-2145075,148,139,9
LK-2145080,201,169,32
LK-2145085,355,316,39
LK-2145090,180,160,20
LK-2145095,263,234,29
LK-2145100,156,148,8
LK-2145105,187,167,20
LK-2145110,208,189,19
LK-2145115,159,148,11
LK-2145120,177,158,19
LK-2145125,166,159,7
LK-2145130,481,437,44
LK-2145135,334,306,28
LK-2145140,587,473,114
LK-2145145,113,99,14
LK-2145150,250,216,34
LK-2145155,252,215,37
LK-2145160,290,273,17
LK-2145165,264,249,15
LK-2145170,344,318,26
LK-2145175,234,221,13
LK-2145180,186,169,17
LK-2145185,129,118,11
LK-2145190,179,160,19
LK-2145195,194,166,28
LK-2145200,181,157,24
LK-2145205,137,124,13
LK-2145210,196,191,5
LK-2145215,328,288,40
LK-2145220,405,364,41
LK-2145225,265,248,17
LK-2145230,134,122,12
LK-2145235,231,206,25
LK-2145240,168,151,17
LK-2145245,151,128,23
LK-2145250,171,159,12
LK-2145255,214,185,29
LK-2145260,313,266,47
LK-2145265,264,207,57
LK-2145270,222,207,15
LK-2145275,165,143,22
LK-2145280,129,115,14
LK-2145285,310,277,33
LK-2145290,156,131,25
LK-2145295,345,320,25
LK-2145300,253,243,10
LK-2145305,189,158,31
LK-2145310,189,160,29
LK-2145315,220,197,23
LK-2145320,184,146,38
LK-2145325,133,126,7
LK-2145330,265,236,29
LK-2145335,229,205,24
LK-2145340,196,171,25
LK-2145345,132,122,10
LK-2145350,168,138,30
LK-2145355,133,111,22
LK-2145360,167,155,12
LK-2145365,186,167,19
LK-2148,8987,7720,1267
LK-2148005,668,535,133
LK-2148010,307,260,47
LK-2148015,333,287,46
LK-2148020,1075,958,117
LK-2148025,529,454,75
LK-2148030,731,636,95
LK-2148035,342,280,62
LK-2148040,190,160,30
LK-2148045,317,257,60
LK-2148050,156,140,16
LK-2148055,296,235,61
LK-2148060,191,161,30
LK-2148065,304,287,17
LK-2148070,383,323,60
LK-2148075,659,540,119
LK-2148080,68,61,7
LK-2148085,195,168,27
LK-2148090,300,259,41
LK-2148095,194,170,24
LK-2148100,123,116,7
LK-2148105,145,128,17
LK-2148110,170,160,10
LK-2148115,116,109,7
LK-2148120,182,158,24
LK-2148125,134,117,17
LK-2148130,89,82,7
LK-2148135,136,112,24
LK-2148140,333,290,43
LK-2148145,321,277,44
LK-2151,25944,23008,2936
LK-2151005,942,899,43
LK-2151010,519,471,48
LK-2151015,639,564,75
LK-2151020,317,274,43
LK-2151025,264,229,35
LK-2151030,256,225,31
LK-2151035,343,305,38
LK-2151040,355,321,34
LK-2151045,332,296,36
LK-2151050,416,394,22
LK-2151055,345,315,30
LK-2151060,828,714,114
LK-2151065,649,624,25
LK-2151070,561,517,44
LK-2151075,474,445,29
LK-2151080,328,292,36
LK-2151085,370,327,43
LK-2151090,537,481,56
LK-2151095,538,461,77
LK-2151100,680,598,82
LK-2151105,516,476,40
LK-2151110,464,414,50
LK-2151115,604,553,51
LK-2151120,205,195,10
LK-2151125,525,460,65
LK-2151130,444,406,38
LK-2151135,418,371,47
LK-2151140,497,425,72
LK-2151145,451,382,69
LK-2151150,312,284,28
LK-2151155,375,350,25
LK-2151160,240,237,3
LK-2151165,630,530,100
LK-2151170,190,179,11
LK-2151175,425,400,25
LK-2151180,779,638,141
LK-2151185,359,320,39
LK-2151190,957,849,108
LK-2151195,613,552,61
LK-2151200,782,674,108
LK-2151205,548,476,72
LK-2151210,1617,1424,193
LK-2151215,507,435,72
LK-2151220,273,235,38
LK-2151225,1406,1201,205
LK-2151230,610,549,61
LK-2151235,347,316,31
LK-2151240,279,248,31
LK-2151245,878,677,201
LK-2154,16136,14271,1865
LK-2154005,335,316,19
LK-2154010,242,221,21
LK-2154015,691,617,74
LK-2154020,798,693,105
LK-2154025,727,657,70
LK-2154030,576,485,91
LK-2154035,677,611,66
LK-2154040,282,252,30
LK-2154045,516,463,53
LK-2154050,547,492,55
LK-2154055,669,599,70
LK-2154060,384,359,25
LK-2154065,345,315,30
LK-2154070,540,484,56
LK-2154075,409,367,42
LK-2154080,642,529,113
LK-2154085,191,157,34
LK-2154090,494,407,87
LK-2154095,355,324,31
LK-2154100,313,295,18
LK-2154105,477,431,46
LK-2154110,692,560,132
LK-2154115,658,516,142
LK-2154120,315,297,18
LK-2154125,502,488,14
LK-2154130,481,418,63
LK-2154135,953,866,87
LK-2154140,605,560,45
LK-2154145,510,454,56
LK-2154150,735,596,139
LK-2154155,475,442,33
LK-2157,17113,15124,1989
LK-2157005,473,433,40
LK-2157010,627,553,74
LK-2157015,542,483,59
LK-2157020,778,692,86
LK-2157025,411,356,55
LK-2157030,370,340,30
LK-2157035,480,407,73
LK-2157040,609,505,104
LK-2157045,315,298,17
LK-2157050,415,381,34
LK-2157055,871,759,112
LK-2157060,661,581,80
LK-2157065,1061,949,112
LK-2157070,610,511,99
LK-2157075,699,656,43
LK-2157080,489,430,59
LK-2157085,1684,1531,153
LK-2157090,683,617,66
LK-2157095,371,348,23
LK-2157100,427,390,37
LK-2157105,356,305,51
LK-2157110,275,251,24
LK-2157115,371,294,77
LK-2157120,697,578,119
LK-2157125,873,779,94
LK-2157130,213,184,29
LK-2157135,301,272,29
LK-2157140,594,501,93
LK-2157145,857,740,117
LK-22,144091,128090,16001
LK-2203,21327,19053,2274
LK-2203005,425,384,41
LK-2203010,343,308,35
LK-2203015,236,218,18
LK-2203020,341,298,43
LK-2203025,581,536,45
LK-2203030,211,186,25
LK-2203035,420,385,35
LK-2203040,615,541,74
LK-2203045,780,704,76
LK-2203050,430,392,38
LK-2203055,323,295,28
LK-2203060,348,306,42
LK-2203065,392,338,54
LK-2203070,544,512,32
LK-2203075,318,280,38
LK-2203080,268,237,31
LK-2203085,276,246,30
LK-2203090,225,192,33
LK-2203095,447,407,40
LK-2203100,254,224,30
LK-2203105,661,569,92
LK-2203110,381,356,25
LK-2203115,506,458,48
LK-2203120,302,266,36
LK-2203125,445,401,44
LK-2203130,330,304,26
LK-2203135,352,318,34
LK-2203140,424,386,38
LK-2203145,191,176,15
LK-2203150,260,231,29
LK-2203155,380,335,45
LK-2203160,324,298,26
LK-2203165,494,415,79
LK-2203170,325,276,49
LK-2203175,372,341,31
LK-2203180,407,371,36
LK-2203185,601,536,65
LK-2203190,347,324,23
LK-2203195,364,323,41
LK-2203200,407,353,54
LK-2203205,281,258,23
LK-2203210,304,263,41
LK-2203215,247,201,46
LK-2203220,359,314,45
LK-2203225,453,429,24
LK-2203230,343,285,58
LK-2203235,355,324,31
LK-2203240,259,242,17
LK-2203245,238,203,35
LK-2203250,195,169,26
LK-2203255,335,295,40
LK-2203260,244,216,28
LK-2203265,376,329,47
LK-2203270,205,174,31
LK-2203275,274,247,27
LK-2203280,333,306,27
LK-2203285,259,235,24
LK-2203290,317,283,34
LK-2203295,300,254,46
LK-2206,21254,18999,2255
LK-2206005,195,175,20
LK-2206010,204,180,24
LK-2206015,227,204,23
LK-2206020,173,148,25
LK-2206025,321,280,41
LK-2206030,379,327,52
LK-2206035,466,408,58
LK-2206040,224,222,2
LK-2206045,234,204,30
LK-2206050,214,203,11
LK-2206055,262,236,26
LK-2206060,197,190,7
LK-2206065,170,155,15
LK-2206070,506,473,33
LK-2206075,194,176,18
LK-2206080,783,640,143
LK-2206085,269,239,30
LK-2206090,389,341,48
LK-2206095,350,310,40
LK-2206100,470,433,37
LK-2206105,329,304,25
LK-2206110,327,298,29
LK-2206115,382,345,37
LK-2206120,652,569,83
LK-2206125,654,575,79
LK-2206130,245,204,41
LK-2206135,275,254,21
LK-2206140,268,242,26
LK-2206145,558,500,58
LK-2206150,365,315,50
LK-2206155,173,156,17
LK-2206160,563,502,61
LK-2206165,361,314,47
LK-2206170,1263,1143,120
LK-2206175,292,269,23
LK-2206180,443,407,36
LK-2206185,690,583,107
LK-2206190,523,462,61
LK-2206195,745,677,68
LK-2206200,320,299,21
LK-2206205,248,231,17
LK-2206210,133,120,13
LK-2206215,421,388,33
LK-2206220,218,193,25
LK-2206225,421,368,53
LK-2206230,333,298,35
LK-2206235,306,266,40
LK-2206240,251,225,26
LK-2206245,230,213,17
LK-2206250,250,223,27
LK-2206255,221,196,25
LK-2206260,524,475,49
LK-2206265,185,149,36
LK-2206270,388,355,33
LK-2206275,139,122,17
LK-2206280,443,412,31
LK-2206285,268,244,24
LK-2206290,351,314,37
LK-2206295,269,245,24
LK-2209,9360,8375,985
LK-2209005,65,62,3
LK-2209010,180,173,7
LK-2209015,222,190,32
LK-2209020,156,136,20
LK-2209025,90,82,8
LK-2209030,78,76,2
LK-2209035,113,108,5
LK-2209040,143,123,20
LK-2209045,223,206,17
LK-2209050,110,103,7
LK-2209055,119,114,5
LK-2209060,143,126,17
LK-2209065,250,220,30
LK-2209070,134,123,11
LK-2209075,226,215,11
LK-2209080,155,132,23
LK-2209085,251,236,15
LK-2209090,93,80,13
LK-2209095,225,204,21
LK-2209100,632,537,95
LK-2209105,175,152,23
LK-2209110,170,154,16
LK-2209115,160,160,0
LK-2209120,163,149,14
LK-2209125,170,143,27
LK-2209130,164,154,10
LK-2209135,100,92,8
LK-2209140,181,167,14
LK-2209145,89,80,9
LK-2209150,253,238,15
LK-2209155,160,151,9
LK-2209160,156,130,26
LK-2209165,106,94,12
LK-2209170,269,256,13
LK-2209175,389,330,59
LK-2209180,256,231,25
LK-2209185,109,103,6
LK-2209190,77,69,8
LK-2209195,164,151,13
LK-2209200,250,221,29
LK-2209205,120,108,12
LK-2209210,172,162,10
LK-2209215,270,236,34
LK-2209220,338,249,89
LK-2209225,165,156,9
LK-2209230,218,199,19
LK-2209235,268,237,31
LK-2209240,216,185,31
LK-2209245,81,68,13
LK-2209250,80,67,13
LK-2209255,37,37,0
LK-2209260,226,200,26
LK-2212,8947,7981,966
LK-2212005,170,156,14
LK-2212010,215,195,20
LK-2212015,346,300,46
LK-2212020,277,257,20
LK-2212025,205,184,21
LK-2212030,245,213,32
LK-2212035,310,281,29
LK-2212040,263,213,50
LK-2212045,156,148,8
LK-2212050,166,157,9
LK-2212055,148,128,20
LK-2212060,171,152,19
LK-2212065,277,221,56
LK-2212070,177,162,15
LK-2212075,161,141,20
LK-2212080,150,134,16
LK-2212085,170,149,21
LK-2212090,241,222,19
LK-2212095,144,126,18
LK-2212100,199,180,19
LK-2212105,132,123,9
LK-2212110,218,194,24
LK-2212115,301,259,42
LK-2212120,198,180,18
LK-2212125,199,174,25
LK-2212130,150,136,14
LK-2212135,180,165,15
LK-2212140,219,204,15
LK-2212145,338,296,42
LK-2212150,206,192,14
LK-2212155,161,148,13
LK-2212160,179,156,23
LK-2212165,97,90,7
LK-2212170,145,139,6
LK-2212175,159,146,13
LK-2212180,170,160,10
LK-2212185,280,252,28
LK-2212190,217,191,26
LK-2212195,245,207,38
LK-2212200,147,127,20
LK-2212205,155,144,11
LK-2212210,118,96,22
LK-2212215,187,161,26
LK-2212220,355,322,33
LK-2215,8922,7931,991
LK-2215005,229,193,36
LK-2215010,179,165,14
LK-2215015,193,179,14
LK-2215020,142,126,16
LK-2215025,432,351,81
LK-2215030,370,314,56
LK-2215035,102,81,21
LK-2215040,107,98,9
LK-2215045,148,142,6
LK-2215050,223,192,31
LK-2215055,104,95,9
LK-2215060,74,66,8
LK-2215065,97,94,3
LK-2215070,230,212,18
LK-2215075,269,249,20
LK-2215080,129,112,17
LK-2215085,176,154,22
LK-2215090,147,127,20
LK-2215095,230,209,21
LK-2215100,127,127,0
LK-2215105,138,124,14
LK-2215110,181,164,17
LK-2215115,154,143,11
LK-2215120,317,290,27
LK-2215125,147,129,18
LK-2215130,395,340,55
LK-2215135,146,138,8
LK-2215140,160,146,14
LK-2215145,171,139,32
LK-2215150,88,66,22
LK-2215155,182,158,24
LK-2215160,130,115,15
LK-2215165,109,98,11
LK-2215170,151,139,12
LK-2215175,145,128,17
LK-2215180,195,183,12
LK-2215185,105,91,14
LK-2215190,160,139,21
LK-2215195,133,124,9
LK-2215200,134,116,18
LK-2215205,93,76,17
LK-2215210,129,111,18
LK-2215215,165,152,13
LK-2215220,151,136,15
LK-2215225,115,110,5
LK-2215230,110,103,7
LK-2215235,90,85,5
LK-2215240,69,59,10
LK-2215245,90,87,3
LK-2215250,101,88,13
LK-2215255,120,105,15
LK-2215260,148,125,23
LK-2215265,106,93,13
LK-2215270,147,133,14
LK-2215275,127,113,14
LK-2215280,112,99,13
LK-2218,20574,18533,2041
LK-2218005,223,206,17
LK-2218010,502,448,54
LK-2218015,257,223,34
LK-2218020,303,284,19
LK-2218025,407,361,46
LK-2218030,128,120,8
LK-2218035,205,199,6
LK-2218040,211,193,18
LK-2218045,306,270,36
LK-2218050,354,297,57
LK-2218055,124,111,13
LK-2218060,289,258,31
LK-2218065,199,172,27
LK-2218070,203,155,48
LK-2218075,262,220,42
LK-2218080,194,186,8
LK-2218085,307,272,35
LK-2218090,135,125,10
LK-2218095,621,525,96
LK-2218100,238,210,28
LK-2218105,321,298,23
LK-2218110,233,211,22
LK-2218115,247,213,34
LK-2218120,470,431,39
LK-2218125,439,402,37
LK-2218130,497,448,49
LK-2218135,266,250,16
LK-2218140,1220,1088,132
LK-2218145,233,207,26
LK-2218150,878,795,83
LK-2218155,982,914,68
LK-2218160,567,523,44
LK-2218165,490,447,43
LK-2218170,251,230,21
LK-2218175,325,286,39
LK-2218180,592,550,42
LK-2218185,503,454,49
LK-2218190,1041,948,93
LK-2218195,342,309,33
LK-2218200,669,618,51
LK-2218205,401,357,44
LK-2218210,214,207,7
LK-2218215,357,340,17
LK-2218220,475,410,65
LK-2218225,407,345,62
LK-2218230,802,712,90
LK-2218235,380,346,34
LK-2218240,252,219,33
LK-2218245,280,257,23
LK-2218250,300,262,38
LK-2218255,244,212,32
LK-2218260,428,409,19
LK-2221,5161,4420,741
LK-2221005,260,231,29
LK-2221010,500,408,92
LK-2221015,189,165,24
LK-2221020,305,254,51
LK-2221025,201,163,38
LK-2221030,191,153,38
LK-2221035,241,207,34
LK-2221040,74,69,5
LK-2221045,192,167,25
LK-2221050,150,133,17
LK-2221055,281,233,48
LK-2221060,533,466,67
LK-2221065,376,303,73
LK-2221070,131,114,17
LK-2221075,196,168,28
LK-2221080,389,350,39
LK-2221085,351,315,36
LK-2221090,224,187,37
LK-2221095,174,159,15
LK-2221100,203,175,28
LK-2224,3987,3437,550
LK-2224005,141,106,35
LK-2224010,215,197,18
LK-2224015,191,154,37
LK-2224020,227,194,33
LK-2224025,177,114,63
LK-2224030,124,113,11
LK-2224035,181,162,19
LK-2224040,264,247,17
LK-2224045,178,152,26
LK-2224050,123,104,19
LK-2224055,164,148,16
LK-2224060,26,19,7
LK-2224065,36,24,12
LK-2224070,114,107,7
LK-2224075,89,57,32
LK-2224080,68,55,13
LK-2224085,55,46,9
LK-2224090,73,52,21
LK-2224095,65,53,12
LK-2224100,22,21,1
LK-2224105,151,145,6
LK-2224110,61,55,6
LK-2224115,136,120,16
LK-2224120,102,102,0
LK-2224125,62,56,6
LK-2224130,24,22,2
LK-2224135,105,93,12
LK-2224140,92,82,10
LK-2224145,129,118,11
LK-2224150,59,57,2
LK-2224155,46,40,6
LK-2224160,54,42,12
LK-2224165,59,52,7
LK-2224170,57,42,15
LK-2224175,136,127,9
LK-2224180,107,93,14
LK-2224185,74,66,8
LK-2227,9041,8155,886
LK-2227005,82,74,8
LK-2227010,231,213,18
LK-2227015,177,169,8
LK-2227020,181,165,16
LK-2227025,144,137,7
LK-2227030,109,102,7
LK-2227035,249,211,38
LK-2227040,216,194,22
LK-2227045,224,202,22
LK-2227050,113,108,5
LK-2227055,214,189,25
LK-2227060,260,245,15
LK-2227065,322,285,37
LK-2227070,259,242,17
LK-2227075,236,226,10
LK-2227080,213,196,17
LK-2227085,206,185,21
LK-2227090,266,246,20
LK-2227095,86,79,7
LK-2227100,270,233,37
LK-2227105,71,66,5
LK-2227110,576,515,61
LK-2227115,274,251,23
LK-2227120,273,233,40
LK-2227125,115,101,14
LK-2227130,189,167,22
LK-2227135,345,306,39
LK-2227140,272,225,47
LK-2227145,113,104,9
LK-2227150,296,282,14
LK-2227155,447,397,50
LK-2227160,258,218,40
LK-2227165,151,136,15
LK-2227170,424,382,42
LK-2227175,318,299,19
LK-2227180,310,282,28
LK-2227185,288,254,34
LK-2227190,203,183,20
LK-2227195,60,53,7
LK-2230,16296,14128,2168
LK-2230005,242,211,31
LK-2230010,241,211,30
LK-2230015,380,349,31
LK-2230020,404,360,44
LK-2230025,331,295,36
LK-2230030,380,351,29
LK-2230035,533,445,88
LK-2230040,237,206,31
LK-2230045,290,227,63
LK-2230050,239,205,34
LK-2230055,250,212,38
LK-2230060,361,296,65
LK-2230065,272,217,55
LK-2230070,281,243,38
LK-2230075,267,238,29
LK-2230080,177,158,19
LK-2230085,310,274,36
LK-2230090,522,461,61
LK-2230095,254,236,18
LK-2230100,381,331,50
LK-2230105,250,235,15
LK-2230110,287,252,35
LK-2230115,796,683,113
LK-2230120,329,297,32
LK-2230125,256,228,28
LK-2230130,196,164,32
LK-2230135,162,146,16
LK-2230140,251,226,25
LK-2230145,405,362,43
LK-2230150,306,230,76
LK-2230155,240,190,50
LK-2230160,400,313,87
LK-2230165,181,167,14
LK-2230170,255,219,36
LK-2230175,161,137,24
LK-2230180,161,140,21
LK-2230185,213,189,24
LK-2230190,220,197,23
LK-2230195,298,253,45
LK-2230200,442,392,50
LK-2230205,298,276,22
LK-2230210,281,239,42
LK-2230215,159,140,19
LK-2230220,266,238,28
LK-2230225,463,403,60
LK-2230230,287,251,36
LK-2230235,320,266,54
LK-2230240,399,341,58
LK-2230245,410,343,67
LK-2230250,135,122,13
LK-2230255,149,132,17
LK-2230260,300,264,36
LK-2230265,216,186,30
LK-2230270,452,381,71
LK-2233,19222,17078,2144
LK-2233005,156,137,19
LK-2233010,82,56,26
LK-2233015,212,172,40
LK-2233020,126,115,11
LK-2233025,72,57,15
LK-2233030,118,104,14
LK-2233035,107,93,14
LK-2233040,132,127,5
LK-2233045,130,108,22
LK-2233050,123,113,10
LK-2233055,155,144,11
LK-2233060,225,190,35
LK-2233065,107,90,17
LK-2233070,191,178,13
LK-2233075,133,123,10
LK-2233080,151,126,25
LK-2233085,225,189,36
LK-2233090,175,155,20
LK-2233095,231,210,21
LK-2233100,285,252,33
LK-2233105,425,392,33
LK-2233110,572,484,88
LK-2233115,424,394,30
LK-2233120,136,124,12
LK-2233125,179,162,17
LK-2233130,142,133,9
LK-2233135,262,239,23
LK-2233140,447,417,30
LK-2233145,409,365,44
LK-2233150,545,494,51
LK-2233155,247,223,24
LK-2233160,340,306,34
LK-2233165,278,253,25
LK-2233170,397,378,19
LK-2233175,371,326,45
LK-2233180,514,476,38
LK-2233185,515,474,41
LK-2233190,445,393,52
LK-2233195,308,282,26
LK-2233200,646,552,94
LK-2233205,277,240,37
LK-2233210,329,283,46
LK-2233215,169,157,12
LK-2233220,256,236,20
LK-2233225,520,461,59
LK-2233230,470,425,45
LK-2233235,219,203,16
LK-2233240,240,214,26
LK-2233245,173,164,9
LK-2233250,466,379,87
LK-2233255,306,269,37
LK-2233260,149,136,13
LK-2233265,118,108,10
LK-2233270,202,178,24
LK-2233275,166,150,16
LK-2233280,131,116,15
LK-2233285,417,371,46
LK-2233290,238,216,22
LK-2233295,542,489,53
LK-2233300,182,156,26
LK-2233305,182,172,10
LK-2233310,237,225,12
LK-2233315,144,128,16
LK-2233320,269,231,38
LK-2233325,344,293,51
LK-2233330,344,283,61
LK-2233335,194,181,13
LK-2233340,180,166,14
LK-2233345,183,159,24
LK-2233350,422,316,106
LK-2233355,134,110,24
LK-2233360,157,141,16
LK-2233365,124,116,8
LK-23,200067,178440,21627
LK-2303,27982,25482,2500
LK-2303005,143,131,12
LK-2303010,193,171,22
LK-2303015,420,385,35
LK-2303020,186,183,3
LK-2303025,305,276,29
LK-2303030,297,267,30
LK-2303035,152,135,17
LK-2303040,294,262,32
LK-2303045,371,338,33
LK-2303050,440,414,26
LK-2303055,876,807,69
LK-2303060,459,417,42
LK-2303065,802,727,75
LK-2303070,554,506,48
LK-2303075,444,394,50
LK-2303080,283,262,21
LK-2303085,257,242,15
LK-2303090,243,218,25
LK-2303095,286,273,13
LK-2303100,308,282,26
LK-2303105,133,118,15
LK-2303110,223,214,9
LK-2303115,93,83,10
LK-2303120,95,90,5
LK-2303125,159,147,12
LK-2303130,276,254,22
LK-2303135,430,389,41
LK-2303140,487,416,71
LK-2303145,300,286,14
LK-2303150,488,426,62
LK-2303155,411,382,29
LK-2303160,112,101,11
LK-2303165,345,313,32
LK-2303170,224,212,12
LK-2303175,169,155,14
LK-2303180,290,257,33
LK-2303185,241,213,28
LK-2303190,90,83,7
LK-2303195,95,83,12
LK-2303200,31,20,11
LK-2303205,121,108,13
LK-2303210,111,103,8
LK-2303215,171,160,11
LK-2303220,131,120,11
LK-2303225,115,108,7
LK-2303230,280,247,33
LK-2303235,179,169,10
LK-2303240,183,164,19
LK-2303245,631,591,40
LK-2303250,658,618,40
LK-2303255,298,263,35
LK-2303260,147,123,24
LK-2303265,182,164,18
LK-2303270,112,102,10
LK-2303275,106,102,4
LK-2303280,149,146,3
LK-2303285,167,157,10
LK-2303290,151,136,15
LK-2303295,328,295,33
LK-2303300,214,175,39
LK-2303305,393,360,33
LK-2303310,823,781,42
LK-2303315,75,71,4
LK-2303320,135,123,12
LK-2303325,139,133,6
LK-2303330,77,71,6
LK-2303335,161,154,7
LK-2303340,141,125,16
LK-2303345,183,170,13
LK-2303350,219,205,14
LK-2303355,164,143,21
LK-2303360,175,161,14
LK-2303365,86,82,4
LK-2303370,374,330,44
LK-2303375,773,733,40
LK-2303380,275,249,26
LK-2303385,167,150,17
LK-2303390,199,190,9
LK-2303395,981,920,61
LK-2303400,768,681,87
LK-2303405,333,290,43
LK-2303410,847,756,91
LK-2303415,127,119,8
LK-2303420,565,524,41
LK-2303425,154,134,20
LK-2303430,127,113,14
LK-2303435,201,181,20
LK-2303440,256,226,30
LK-2303445,151,141,10
LK-2303450,152,131,21
LK-2303455,426,363,63
LK-2303460,478,430,48
LK-2303465,85,69,16
LK-2303470,157,151,6
LK-2303475,444,374,70
LK-2303480,732,665,67
LK-2306,27643,23872,3771
LK-2306005,134,121,13
LK-2306010,182,159,23
LK-2306015,274,225,49
LK-2306020,295,272,23
LK-2306025,393,352,41
LK-2306030,193,169,24
LK-2306035,213,185,28
LK-2306040,59,50,9
LK-2306045,96,89,7
LK-2306050,56,51,5
LK-2306055,241,219,22
LK-2306060,232,209,23
LK-2306065,193,178,15
LK-2306070,285,263,22
LK-2306075,130,109,21
LK-2306080,172,155,17
LK-2306085,161,145,16
LK-2306090,258,218,40
LK-2306095,122,109,13
LK-2306100,242,208,34
LK-2306105,112,96,16
LK-2306110,137,123,14
LK-2306115,154,139,15
LK-2306120,167,140,27
LK-2306125,185,168,17
LK-2306130,256,234,22
LK-2306135,128,109,19
LK-2306140,237,208,29
LK-2306145,165,146,19
LK-2306150,211,189,22
LK-2306155,215,197,18
LK-2306160,208,186,22
LK-2306165,310,280,30
LK-2306170,247,220,27
LK-2306175,203,176,27
LK-2306180,185,171,14
LK-2306185,175,152,23
LK-2306190,189,166,23
LK-2306195,221,196,25
LK-2306200,238,208,30
LK-2306205,228,197,31
LK-2306210,192,159,33
LK-2306215,151,122,29
LK-2306220,258,220,38
LK-2306225,517,392,125
LK-2306230,145,124,21
LK-2306235,255,192,63
LK-2306240,165,151,14
LK-2306245,219,193,26
LK-2306250,141,127,14
LK-2306255,199,170,29
LK-2306260,86,80,6
LK-2306265,168,154,14
LK-2306270,195,172,23
LK-2306275,164,152,12
LK-2306280,129,106,23
LK-2306285,77,67,10
LK-2306290,143,121,22
LK-2306295,512,417,95
LK-2306300,255,231,24
LK-2306305,114,99,15
LK-2306310,153,139,14
LK-2306315,213,187,26
LK-2306320,578,507,71
LK-2306325,201,175,26
LK-2306330,250,209,41
LK-2306335,101,87,14
LK-2306340,222,197,25
LK-2306345,253,194,59
LK-2306350,152,139,13
LK-2306355,151,134,17
LK-2306360,193,170,23
LK-2306365,169,153,16
LK-2306370,235,218,17
LK-2306375,137,126,11
LK-2306380,108,104,4
LK-2306385,161,134,27
LK-2306390,116,107,9
LK-2306395,146,137,9
LK-2306400,135,123,12
LK-2306405,115,98,17
LK-2306410,129,102,27
LK-2306415,63,52,11
LK-2306420,140,126,14
LK-2306425,135,130,5
LK-2306430,1126,870,256
LK-2306435,114,106,8
LK-2306440,219,183,36
LK-2306445,134,128,6
LK-2306450,232,208,24
LK-2306455,282,249,33
LK-2306460,181,170,11
LK-2306465,92,81,11
LK-2306470,194,171,23
LK-2306475,195,187,8
LK-2306480,249,214,35
LK-2306485,212,194,18
LK-2306490,205,171,34
LK-2306495,247,223,24
LK-2306500,211,182,29
LK-2306505,200,164,36
LK-2306510,61,41,20
LK-2306515,741,540,201
LK-2306520,651,613,38
LK-2306525,60,51,9
LK-2306530,421,352,69
LK-2306535,147,125,22
LK-2306540,233,207,26
LK-2306545,167,140,27
LK-2306550,259,221,38
LK-2306555,96,73,23
LK-2306560,140,104,36
LK-2306565,92,67,25
LK-2306570,191,150,41
LK-2306575,907,752,155
LK-2306580,64,59,5
LK-2306585,107,95,12
LK-2306590,168,140,28
LK-2306595,186,165,21
LK-2306600,100,82,18
LK-2306605,165,142,23
LK-2306610,189,149,40
LK-2306615,204,185,19
LK-2306620,147,133,14
LK-2306625,146,131,15
LK-2306630,139,128,11
LK-2306635,410,338,72
LK-2306640,281,243,38
LK-2306645,267,232,35
LK-2306650,163,141,22
LK-2306655,205,188,17
LK-2309,31184,27604,3580
LK-2309005,173,160,13
LK-2309010,73,69,4
LK-2309015,116,102,14
LK-2309020,93,80,13
LK-2309025,231,205,26
LK-2309030,164,143,21
LK-2309035,152,141,11
LK-2309040,107,92,15
LK-2309045,138,121,17
LK-2309050,212,189,23
LK-2309055,132,120,12
LK-2309060,104,90,14
LK-2309065,122,108,14
LK-2309070,81,68,13
LK-2309075,161,130,31
LK-2309080,117,113,4
LK-2309085,140,122,18
LK-2309090,226,195,31
LK-2309095,241,217,24
LK-2309100,111,91,20
LK-2309105,77,62,15
LK-2309110,53,36,17
LK-2309115,112,99,13
LK-2309120,117,102,15
LK-2309125,291,252,39
LK-2309130,168,153,15
LK-2309135,288,265,23
LK-2309140,190,165,25
LK-2309145,244,216,28
LK-2309150,73,57,16
LK-2309155,196,170,26
LK-2309160,143,129,14
LK-2309165,176,167,9
LK-2309170,184,169,15
LK-2309175,108,101,7
LK-2309180,157,141,16
LK-2309185,128,111,17
LK-2309190,195,162,33
LK-2309195,290,261,29
LK-2309200,231,205,26
LK-2309205,150,134,16
LK-2309210,166,144,22
LK-2309215,186,168,18
LK-2309220,170,147,23
LK-2309225,175,153,22
LK-2309230,170,159,11
LK-2309235,573,496,77
LK-2309240,95,84,11
LK-2309245,118,106,12
LK-2309250,96,88,8
LK-2309255,286,267,19
LK-2309260,281,251,30
LK-2309265,306,277,29
LK-2309270,631,574,57
LK-2309275,174,150,24
LK-2309280,249,200,49
LK-2309285,156,136,20
LK-2309290,218,185,33
LK-2309295,323,272,51
LK-2309300,324,281,43
LK-2309305,226,198,28
LK-2309310,172,150,22
LK-2309315,211,182,29
LK-2309320,147,120,27
LK-2309325,106,89,17
LK-2309330,144,125,19
LK-2309335,129,116,13
LK-2309340,187,164,23
LK-2309345,126,111,15
LK-2309350,209,182,27
LK-2309355,264,221,43
LK-2309360,186,162,24
LK-2309365,694,644,50
LK-2309370,362,293,69
LK-2309375,1330,1205,125
LK-2309380,383,364,19
LK-2309385,687,615,72
LK-2309390,730,622,108
LK-2309395,281,255,26
LK-2309400,101,94,7
LK-2309405,162,144,18
LK-2309410,102,94,8
LK-2309415,131,118,13
LK-2309420,90,85,5
LK-2309425,122,111,11
LK-2309430,138,127,11
LK-2309435,215,189,26
LK-2309440,310,265,45
LK-2309445,145,131,14
LK-2309450,67,56,11
LK-2309455,143,123,20
LK-2309460,169,167,2
LK-2309465,158,140,18
LK-2309470,191,181,10
LK-2309475,139,128,11
LK-2309480,84,74,10
LK-2309485,172,140,32
LK-2309490,420,366,54
LK-2309495,93,86,7
LK-2309500,118,110,8
LK-2309505,227,213,14
LK-2309510,760,692,68
LK-2309515,984,844,140
LK-2309520,414,374,40
LK-2309525,224,205,19
LK-2309530,117,101,16
LK-2309535,203,188,15
LK-2309540,125,114,11
LK-2309545,203,183,20
LK-2309550,259,215,44
LK-2309555,126,111,15
LK-2309560,157,131,26
LK-2309565,182,153,29
LK-2309570,320,291,29
LK-2309575,694,638,56
LK-2309580,662,592,70
LK-2309585,526,432,94
LK-2309590,275,249,26
LK-2309595,243,224,19
LK-2309600,927,846,81
LK-2309605,141,122,19
LK-2309610,334,290,44
LK-2309615,623,555,68
LK-2309620,986,847,139
LK-2309625,466,396,70
LK-2312,57536,51238,6298
LK-2312005,1102,995,107
LK-2312010,603,543,60
LK-2312015,1152,1010,142
LK-2312020,957,821,136
LK-2312025,809,732,77
LK-2312030,870,799,71
LK-2312035,708,661,47
LK-2312040,1128,1030,98
LK-2312045,969,907,62
LK-2312050,405,347,58
LK-2312055,687,656,31
LK-2312060,603,561,42
LK-2312065,1030,773,257
LK-2312070,675,569,106
LK-2312075,416,351,65
LK-2312080,894,832,62
LK-2312085,890,803,87
LK-2312090,1115,993,122
LK-2312095,847,756,91
LK-2312100,1157,1024,133
LK-2312105,859,755,104
LK-2312110,1203,1055,148
LK-2312115,1371,1241,130
LK-2312120,921,867,54
LK-2312125,1029,945,84
LK-2312130,969,920,49
LK-2312135,814,724,90
LK-2312140,687,588,99
LK-2312145,1916,1747,169
LK-2312150,874,828,46
LK-2312155,1058,925,133
LK-2312160,471,430,41
LK-2312165,305,264,41
LK-2312170,1207,993,214
LK-2312175,602,537,65
LK-2312180,637,488,149
LK-2312185,457,415,42
LK-2312190,313,294,19
LK-2312195,397,343,54
LK-2312200,240,223,17
LK-2312205,809,766,43
LK-2312210,388,351,37
LK-2312215,509,453,56
LK-2312220,787,668,119
LK-2312225,491,442,49
LK-2312230,334,287,47
LK-2312235,456,373,83
LK-2312240,769,714,55
LK-2312245,1031,892,139
LK-2312250,1006,928,78
LK-2312255,1402,1243,159
LK-2312260,932,871,61
LK-2312265,759,681,78
LK-2312270,846,762,84
LK-2312275,814,739,75
LK-2312280,1090,957,133
LK-2312285,622,574,48
LK-2312290,433,354,79
LK-2312295,341,312,29
LK-2312300,592,523,69
LK-2312305,242,199,43
LK-2312310,574,488,86
LK-2312315,738,688,50
LK-2312320,850,752,98
LK-2312325,806,702,104
LK-2312330,1146,1023,123
LK-2312335,622,563,59
LK-2312340,1094,991,103
LK-2312345,1168,972,196
LK-2312350,647,595,52
LK-2312355,858,701,157
LK-2312360,1033,929,104
LK-2315,55722,50244,5478
LK-2315005,243,215,28
LK-2315010,399,318,81
LK-2315015,529,485,44
LK-2315020,345,318,27
LK-2315025,380,330,50
LK-2315030,634,607,27
LK-2315035,423,386,37
LK-2315040,472,423,49
LK-2315045,414,377,37
LK-2315050,278,253,25
LK-2315055,385,343,42
LK-2315060,400,375,25
LK-2315065,241,216,25
LK-2315070,256,229,27
LK-2315075,307,275,32
LK-2315080,370,314,56
LK-2315085,288,266,22
LK-2315090,243,216,27
LK-2315095,204,187,17
LK-2315100,805,705,100
LK-2315105,514,467,47
LK-2315110,316,269,47
LK-2315115,411,376,35
LK-2315120,169,147,22
LK-2315125,388,352,36
LK-2315130,575,472,103
LK-2315135,312,273,39
LK-2315140,486,410,76
LK-2315145,329,283,46
LK-2315150,371,273,98
LK-2315155,210,188,22
LK-2315160,1547,1363,184
LK-2315165,1102,895,207
LK-2315170,1256,1159,97
LK-2315175,1291,1129,162
LK-2315180,1706,1516,190
LK-2315185,724,661,63
LK-2315190,1126,1075,51
LK-2315195,1040,970,70
LK-2315200,534,519,15
LK-2315205,642,577,65
LK-2315210,561,500,61
LK-2315215,2045,1836,209
LK-2315220,913,808,105
LK-2315225,1876,1667,209
LK-2315230,886,816,70
LK-2315235,1290,1181,109
LK-2315240,1113,985,128
LK-2315245,965,875,90
LK-2315250,1741,1549,192
LK-2315255,1069,921,148
LK-2315260,1244,1099,145
LK-2315265,1166,1053,113
LK-2315270,775,702,73
LK-2315275,1335,1197,138
LK-2315280,1564,1409,155
LK-2315285,1364,1245,119
LK-2315290,580,532,48
LK-2315295,1351,1221,130
LK-2315300,602,560,42
LK-2315305,2410,2311,99
LK-2315310,1255,1149,106
LK-2315315,1831,1656,175
LK-2315320,816,753,63
LK-2315325,1514,1422,92
LK-2315330,1399,1259,140
LK-2315335,1392,1326,66
LK-3,727713,632105,95608
LK-31,313412,271236,42176
LK-3103,14160,12544,1616
LK-3103005,119,101,18
LK-3103010,318,282,36
LK-3103015,245,213,32
LK-3103020,406,356,50
LK-3103025,271,253,18
LK-3103030,748,648,100
LK-3103035,336,275,61
LK-3103040,234,188,46
LK-3103045,191,172,19
LK-3103050,261,237,24
LK-3103055,527,475,52
LK-3103060,251,211,40
LK-3103065,273,252,21
LK-3103070,197,186,11
LK-3103075,191,170,21
LK-3103080,286,255,31
LK-3103085,316,294,22
LK-3103090,250,231,19
LK-3103095,188,174,14
LK-3103100,234,210,24
LK-3103105,218,191,27
LK-3103110,455,405,50
LK-3103115,395,351,44
LK-3103120,288,267,21
LK-3103125,275,254,21
LK-3103130,351,301,50
LK-3103135,284,254,30
LK-3103140,177,154,23
LK-3103145,217,197,20
LK-3103150,185,160,25
LK-3103155,284,258,26
LK-3103160,470,424,46
LK-3103165,260,223,37
LK-3103170,267,243,24
LK-3103175,151,133,18
LK-3103180,337,316,21
LK-3103185,471,402,69
LK-3103190,186,175,11
LK-3103195,441,386,55
LK-3103200,198,176,22
LK-3103205,227,204,23
LK-3103210,193,169,24
LK-3103215,153,147,6
LK-3103220,167,145,22
LK-3103225,144,134,10
LK-3103230,313,258,55
LK-3103235,137,108,29
LK-3103240,214,178,36
LK-3103245,348,303,45
LK-3103250,361,315,46
LK-3103255,151,130,21
LK-3106,19116,16868,2248
LK-3106005,461,387,74
LK-3106010,782,671,111
LK-3106015,469,404,65
LK-3106020,371,345,26
LK-3106025,532,458,74
LK-3106030,345,309,36
LK-3106035,300,258,42
LK-3106040,231,189,42
LK-3106045,234,195,39
LK-3106050,390,315,75
LK-3106055,200,164,36
LK-3106060,330,286,44
LK-3106065,104,89,15
LK-3106070,376,306,70
LK-3106075,406,365,41
LK-3106080,414,364,50
LK-3106085,372,333,39
LK-3106090,320,281,39
LK-3106095,460,409,51
LK-3106100,173,156,17
LK-3106105,243,214,29
LK-3106110,279,266,13
LK-3106115,278,240,38
LK-3106120,215,181,34
LK-3106125,661,578,83
LK-3106130,391,349,42
LK-3106135,564,511,53
LK-3106140,457,416,41
LK-3106145,558,507,51
LK-3106150,259,232,27
LK-3106155,255,225,30
LK-3106160,210,182,28
LK-3106165,668,613,55
LK-3106170,233,206,27
LK-3106175,232,215,17
LK-3106180,291,285,6
LK-3106185,490,420,70
LK-3106190,339,291,48
LK-3106195,682,599,83
LK-3106200,461,424,37
LK-3106205,623,566,57
LK-3106210,429,394,35
LK-3106215,204,189,15
LK-3106220,354,322,32
LK-3106225,446,391,55
LK-3106230,386,343,43
LK-3106235,442,381,61
LK-3106240,293,267,26
LK-3106245,305,267,38
LK-3106250,255,230,25
LK-3106255,343,280,63
LK-3109,20521,17427,3094
LK-3109005,585,503,82
LK-3109010,485,418,67
LK-3109015,257,200,57
LK-3109020,569,467,102
LK-3109025,261,208,53
LK-3109030,591,478,113
LK-3109035,726,608,118
LK-3109040,545,479,66
LK-3109045,331,288,43
LK-3109050,504,420,84
LK-3109055,378,330,48
LK-3109060,209,166,43
LK-3109065,415,352,63
LK-3109070,551,480,71
LK-3109075,301,257,44
LK-3109080,323,272,51
LK-3109085,327,281,46
LK-3109090,612,533,79
LK-3109095,908,750,158
LK-3109100,470,396,74
LK-3109105,803,657,146
LK-3109110,453,402,51
LK-3109115,567,495,72
LK-3109120,662,581,81
LK-3109125,1231,1011,220
LK-3109130,571,501,70
LK-3109135,309,271,38
LK-3109140,580,521,59
LK-3109145,507,449,58
LK-3109150,327,283,44
LK-3109155,282,259,23
LK-3109160,307,280,27
LK-3109165,769,622,147
LK-3109170,852,712,140
LK-3109175,319,273,46
LK-3109180,254,228,26
LK-3109185,506,425,81
LK-3109190,394,359,35
LK-3109195,1037,827,210
LK-3109200,443,385,58
LK-3112,19751,17299,2452
LK-3112005,288,262,26
LK-3112010,329,285,44
LK-3112015,325,288,37
LK-3112020,314,275,39
LK-3112025,283,261,22
LK-3112030,520,467,53
LK-3112035,377,336,41
LK-3112040,171,152,19
LK-3112045,383,339,44
LK-3112050,535,475,60
LK-3112055,284,252,32
LK-3112060,308,271,37
LK-3112065,213,199,14
LK-3112070,288,263,25
LK-3112075,450,398,52
LK-3112080,419,374,45
LK-3112085,181,168,13
LK-3112090,229,211,18
LK-3112095,679,569,110
LK-3112100,146,125,21
LK-3112105,430,383,47
LK-3112110,282,245,37
LK-3112115,311,288,23
LK-3112120,240,201,39
LK-3112125,373,308,65
LK-3112130,420,382,38
LK-3112135,414,381,33
LK-3112140,512,453,59
LK-3112145,860,776,84
LK-3112150,544,472,72
LK-3112155,746,638,108
LK-3112160,278,258,20
LK-3112165,372,308,64
LK-3112170,331,300,31
LK-3112175,217,185,32
LK-3112180,248,213,35
LK-3112185,343,292,51
LK-3112190,478,413,65
LK-3112195,380,332,48
LK-3112200,964,843,121
LK-3112205,745,623,122
LK-3112210,481,384,97
LK-3112215,220,186,34
LK-3112220,193,172,21
LK-3112225,560,490,70
LK-3112230,584,502,82
LK-3112235,289,259,30
LK-3112240,260,223,37
LK-3112245,416,362,54
LK-3112250,250,205,45
LK-3112255,288,252,36
LK-3115,11293,9472,1821
LK-3115005,468,393,75
LK-3115010,208,174,34
LK-3115015,336,292,44
LK-3115020,429,332,97
LK-3115025,362,347,15
LK-3115030,389,337,52
LK-3115035,389,312,77
LK-3115040,230,159,71
LK-3115045,319,249,70
LK-3115050,297,257,40
LK-3115055,365,287,78
LK-3115060,307,205,102
LK-3115065,256,186,70
LK-3115070,281,219,62
LK-3115075,302,260,42
LK-3115080,432,363,69
LK-3115085,512,451,61
LK-3115090,346,315,31
LK-3115095,381,348,33
LK-3115100,247,227,20
LK-3115105,350,282,68
LK-3115110,321,259,62
LK-3115115,447,390,57
LK-3115120,390,348,42
LK-3115125,414,342,72
LK-3115130,345,309,36
LK-3115135,312,244,68
LK-3115140,462,385,77
LK-3115145,165,151,14
LK-3115150,360,313,47
LK-3115155,121,109,12
LK-3115160,320,261,59
LK-3115165,209,180,29
LK-3115170,221,186,35
LK-3118,10958,8875,2083
LK-3118005,559,464,95
LK-3118010,269,210,59
LK-3118015,373,304,69
LK-3118020,339,286,53
LK-3118025,321,283,38
LK-3118030,398,331,67
LK-3118035,142,107,35
LK-3118040,416,365,51
LK-3118045,278,241,37
LK-3118050,387,294,93
LK-3118055,858,638,220
LK-3118060,219,184,35
LK-3118065,293,248,45
LK-3118070,466,409,57
LK-3118075,166,134,32
LK-3118080,207,170,37
LK-3118085,229,189,40
LK-3118090,557,392,165
LK-3118095,113,103,10
LK-3118100,273,214,59
LK-3118105,248,205,43
LK-3118110,171,123,48
LK-3118115,209,182,27
LK-3118120,118,94,24
LK-3118125,231,189,42
LK-3118130,275,217,58
LK-3118135,273,228,45
LK-3118140,223,194,29
LK-3118145,228,195,33
LK-3118150,172,151,21
LK-3118155,382,309,73
LK-3118160,231,164,67
LK-3118165,336,295,41
LK-3118170,313,247,66
LK-3118175,412,340,72
LK-3118180,273,176,97
LK-3121,9692,7733,1959
LK-3121005,365,309,56
LK-3121010,308,217,91
LK-3121015,226,211,15
LK-3121020,214,150,64
LK-3121025,82,60,22
LK-3121030,224,193,31
LK-3121035,274,232,42
LK-3121040,317,273,44
LK-3121045,178,149,29
LK-3121050,364,256,108
LK-3121055,167,137,30
LK-3121060,322,276,46
LK-3121065,367,312,55
LK-3121070,224,194,30
LK-3121075,217,171,46
LK-3121080,436,330,106
LK-3121085,120,92,28
LK-3121090,213,183,30
LK-3121095,219,179,40
LK-3121100,242,174,68
LK-3121105,179,159,20
LK-3121110,351,250,101
LK-3121115,212,170,42
LK-3121120,452,371,81
LK-3121125,377,276,101
LK-3121130,610,478,132
LK-3121135,213,170,43
LK-3121140,366,300,66
LK-3121145,318,246,72
LK-3121150,179,158,21
LK-3121155,463,344,119
LK-3121160,205,163,42
LK-3121165,259,202,57
LK-3121170,429,348,81
LK-3124,16938,14393,2545
LK-3124005,701,611,90
LK-3124010,251,195,56
LK-3124015,225,220,5
LK-3124020,269,235,34
LK-3124025,239,223,16
LK-3124030,286,253,33
LK-3124035,113,102,11
LK-3124040,230,204,26
LK-3124045,188,168,20
LK-3124050,174,148,26
LK-3124055,197,158,39
LK-3124060,380,307,73
LK-3124065,328,274,54
LK-3124070,186,161,25
LK-3124075,157,135,22
LK-3124080,266,243,23
LK-3124085,275,238,37
LK-3124090,234,201,33
LK-3124095,299,256,43
LK-3124100,231,208,23
LK-3124105,291,256,35
LK-3124110,298,242,56
LK-3124115,245,226,19
LK-3124120,344,286,58
LK-3124125,735,590,145
LK-3124130,349,244,105
LK-3124135,347,294,53
LK-3124140,387,339,48
LK-3124145,300,267,33
LK-3124150,261,205,56
LK-3124155,380,352,28
LK-3124160,559,454,105
LK-3124165,117,102,15
LK-3124170,253,220,33
LK-3124175,276,229,47
LK-3124180,179,166,13
LK-3124185,393,308,85
LK-3124190,261,232,29
LK-3124195,186,163,23
LK-3124200,205,187,18
LK-3124205,271,240,31
LK-3124210,292,257,35
LK-3124215,563,457,106
LK-3124220,459,385,74
LK-3124225,385,333,52
LK-3124230,344,286,58
LK-3124235,490,396,94
LK-3124240,724,612,112
LK-3124245,490,391,99
LK-3124250,465,412,53
LK-3124255,277,233,44
LK-3124260,361,296,65
LK-3124265,222,193,29
LK-3127,22181,19590,2591
LK-3127005,277,235,42
LK-3127010,888,750,138
LK-3127015,223,200,23
LK-3127020,307,270,37
LK-3127025,247,224,23
LK-3127030,213,190,23
LK-3127035,209,172,37
LK-3127040,358,318,40
LK-3127045,332,285,47
LK-3127050,280,250,30
LK-3127055,171,158,13
LK-3127060,689,621,68
LK-3127065,294,273,21
LK-3127070,184,164,20
LK-3127075,134,130,4
LK-3127080,217,184,33
LK-3127085,175,142,33
LK-3127090,166,152,14
LK-3127095,285,257,28
LK-3127100,223,197,26
LK-3127105,213,208,5
LK-3127110,340,300,40
LK-3127115,426,370,56
LK-3127120,281,281,0
LK-3127125,233,204,29
LK-3127130,343,300,43
LK-3127135,152,138,14
LK-3127140,147,127,20
LK-3127145,516,461,55
LK-3127150,313,287,26
LK-3127155,252,212,40
LK-3127160,231,195,36
LK-3127165,422,386,36
LK-3127170,312,282,30
LK-3127175,121,107,14
LK-3127180,319,285,34
LK-3127185,425,386,39
LK-3127190,450,381,69
LK-3127195,461,393,68
LK-3127200,302,272,30
LK-3127205,181,166,15
LK-3127210,426,353,73
LK-3127215,386,347,39
LK-3127220,204,179,25
LK-3127225,360,320,40
LK-3127230,341,311,30
LK-3127235,260,232,28
LK-3127240,360,325,35
LK-3127245,186,158,28
LK-3127250,167,155,12
LK-3127255,593,520,73
LK-3127260,348,303,45
LK-3127265,266,245,21
LK-3127270,279,260,19
LK-3127275,164,147,17
LK-3127280,132,119,13
LK-3127285,260,226,34
LK-3127290,322,294,28
LK-3127295,211,190,21
LK-3127300,486,443,43
LK-3127305,349,308,41
LK-3127310,347,314,33
LK-3127315,227,193,34
LK-3127320,625,535,90
LK-3127325,467,380,87
LK-3127330,247,219,28
LK-3127335,376,323,53
LK-3127340,449,393,56
LK-3127345,529,456,73
LK-3127350,502,429,73
LK-3130,9176,7808,1368
LK-3130005,681,560,121
LK-3130010,517,437,80
LK-3130015,373,317,56
LK-3130020,388,342,46
LK-3130025,233,207,26
LK-3130030,330,291,39
LK-3130035,556,477,79
LK-3130040,505,397,108
LK-3130045,492,409,83
LK-3130050,1168,938,230
LK-3130055,375,343,32
LK-3130060,434,389,45
LK-3130065,459,387,72
LK-3130070,555,489,66
LK-3130075,580,523,57
LK-3130080,209,176,33
LK-3130085,345,278,67
LK-3130090,397,364,33
LK-3130095,247,214,33
LK-3130100,332,270,62
LK-3133,16761,14905,1856
LK-3133005,278,253,25
LK-3133010,584,492,92
LK-3133015,337,310,27
LK-3133020,377,339,38
LK-3133025,172,161,11
LK-3133030,504,455,49
LK-3133035,434,384,50
LK-3133040,741,637,104
LK-3133045,933,799,134
LK-3133050,303,271,32
LK-3133055,1273,1143,130
LK-3133060,393,352,41
LK-3133065,644,583,61
LK-3133070,505,445,60
LK-3133075,469,423,46
LK-3133080,445,405,40
LK-3133085,466,421,45
LK-3133090,436,375,61
LK-3133095,391,355,36
LK-3133100,534,483,51
LK-3133105,351,329,22
LK-3133110,406,372,34
LK-3133115,428,368,60
LK-3133120,355,317,38
LK-3133125,615,542,73
LK-3133130,539,490,49
LK-3133135,474,424,50
LK-3133140,416,361,55
LK-3133145,358,324,34
LK-3133150,396,337,59
LK-3133155,245,195,50
LK-3133160,485,443,42
LK-3133165,358,313,45
LK-3133170,599,558,41
LK-3133175,274,227,47
LK-3133180,243,219,24
LK-3134,6613,5711,902
LK-3134005,191,167,24
LK-3134010,428,384,44
LK-3134015,167,152,15
LK-3134020,314,280,34
LK-3134025,90,80,10
LK-3134030,329,299,30
LK-3134035,257,228,29
LK-3134040,358,302,56
LK-3134045,413,351,62
LK-3134050,319,285,34
LK-3134055,583,492,91
LK-3134060,468,415,53
LK-3134065,152,128,24
LK-3134070,388,330,58
LK-3134075,815,659,156
LK-3134080,318,273,45
LK-3134085,403,350,53
LK-3134090,494,417,77
LK-3134095,126,119,7
LK-3136,28936,25282,3654
LK-3136005,292,251,41
LK-3136010,177,155,22
LK-3136015,343,320,23
LK-3136020,90,77,13
LK-3136025,492,451,41
LK-3136030,207,185,22
LK-3136035,792,676,116
LK-3136040,218,181,37
LK-3136045,219,189,30
LK-3136050,330,301,29
LK-3136055,452,401,51
LK-3136060,264,253,11
LK-3136065,275,242,33
LK-3136070,241,212,29
LK-3136075,226,194,32
LK-3136080,250,213,37
LK-3136085,100,78,22
LK-3136090,98,74,24
LK-3136095,153,129,24
LK-3136100,157,136,21
LK-3136105,464,394,70
LK-3136110,274,244,30
LK-3136115,131,118,13
LK-3136120,88,82,6
LK-3136125,114,87,27
LK-3136130,121,100,21
LK-3136135,170,129,41
LK-3136140,378,262,116
LK-3136145,186,145,41
LK-3136150,95,57,38
LK-3136155,146,107,39
LK-3136160,217,167,50
LK-3136165,554,475,79
LK-3136170,453,373,80
LK-3136175,552,495,57
LK-3136180,234,187,47
LK-3136185,117,106,11
LK-3136190,349,277,72
LK-3136195,335,303,32
LK-3136200,346,309,37
LK-3136205,168,139,29
LK-3136210,228,188,40
LK-3136215,410,365,45
LK-3136220,165,143,22
LK-3136225,365,318,47
LK-3136230,397,337,60
LK-3136235,214,190,24
LK-3136240,252,192,60
LK-3136245,191,160,31
LK-3136250,398,355,43
LK-3136255,105,97,8
LK-3136260,278,237,41
LK-3136265,345,297,48
LK-3136270,363,312,51
LK-3136275,230,193,37
LK-3136280,205,174,31
LK-3136285,353,312,41
LK-3136290,282,266,16
LK-3136295,332,299,33
LK-3136300,299,261,38
LK-3136305,363,304,59
LK-3136310,481,384,97
LK-3136315,463,409,54
LK-3136320,868,764,104
LK-3136325,558,501,57
LK-3136330,475,424,51
LK-3136335,390,333,57
LK-3136340,324,299,25
LK-3136345,530,483,47
LK-3136350,335,306,29
LK-3136355,239,209,30
LK-3136360,167,150,17
LK-3136365,402,373,29
LK-3136370,521,480,41
LK-3136375,224,205,19
LK-3136380,362,313,49
LK-3136385,312,268,44
LK-3136390,125,119,6
LK-3136395,336,295,41
LK-3136400,165,148,17
LK-3136405,255,238,17
LK-3136410,271,250,21
LK-3136415,436,409,27
LK-3136420,181,157,24
LK-3136425,241,214,27
LK-3136430,251,229,22
LK-3136435,141,131,10
LK-3136440,179,163,16
LK-3136445,248,226,22
LK-3136450,695,621,74
LK-3136455,230,205,25
LK-3136460,446,401,45
LK-3136465,243,207,36
LK-3136470,371,353,18
LK-3136475,155,138,17
LK-3136480,265,222,43
LK-3136485,408,381,27
LK-3139,26037,22372,3665
LK-3139005,205,186,19
LK-3139010,287,259,28
LK-3139015,706,658,48
LK-3139020,876,786,90
LK-3139025,760,680,80
LK-3139030,367,325,42
LK-3139035,365,320,45
LK-3139040,581,515,66
LK-3139045,273,246,27
LK-3139050,513,451,62
LK-3139055,223,199,24
LK-3139060,965,829,136
LK-3139065,400,331,69
LK-3139070,726,647,79
LK-3139075,706,586,120
LK-3139080,500,442,58
LK-3139085,654,515,139
LK-3139090,308,249,59
LK-3139095,787,670,117
LK-3139100,505,434,71
LK-3139105,352,307,45
LK-3139110,740,672,68
LK-3139115,214,196,18
LK-3139120,987,413,574
LK-3139125,572,531,41
LK-3139130,318,292,26
LK-3139135,480,418,62
LK-3139140,400,368,32
LK-3139145,529,489,40
LK-3139150,347,300,47
LK-3139155,394,357,37
LK-3139160,719,619,100
LK-3139165,273,224,49
LK-3139170,588,483,105
LK-3139175,215,191,24
LK-3139180,858,787,71
LK-3139185,761,698,63
LK-3139190,1041,962,79
LK-3139195,345,308,37
LK-3139200,1220,1105,115
LK-3139205,342,287,55
LK-3139210,634,526,108
LK-3139215,107,92,15
LK-3139220,402,303,99
LK-3139225,251,224,27
LK-3139230,392,226,166
LK-3139235,485,444,41
LK-3139240,347,314,33
LK-3139245,731,668,63
LK-3139250,286,240,46
LK-3142,13923,12407,1516
LK-3142005,158,140,18
LK-3142010,303,273,30
LK-3142015,192,180,12
LK-3142020,170,157,13
LK-3142025,326,301,25
LK-3142030,149,141,8
LK-3142035,225,191,34
LK-3142040,530,462,68
LK-3142045,264,235,29
LK-3142050,203,183,20
LK-3142055,288,263,25
LK-3142060,183,156,27
LK-3142065,276,250,26
LK-3142070,463,431,32
LK-3142075,543,450,93
LK-3142080,404,367,37
LK-3142085,384,336,48
LK-3142090,189,172,17
LK-3142095,285,245,40
LK-3142100,261,227,34
LK-3142105,340,301,39
LK-3142110,269,241,28
LK-3142115,186,168,18
LK-3142120,213,196,17
LK-3142125,279,245,34
LK-3142130,415,368,47
LK-3142135,253,217,36
LK-3142140,228,196,32
LK-3142145,453,404,49
LK-3142150,405,369,36
LK-3142155,616,539,77
LK-3142160,387,348,39
LK-3142165,413,387,26
LK-3142170,275,243,32
LK-3142175,282,247,35
LK-3142180,501,453,48
LK-3142185,272,223,49
LK-3142190,307,278,29
LK-3142195,406,362,44
LK-3142200,510,466,44
LK-3142205,307,275,32
LK-3142210,357,325,32
LK-3142215,168,156,12
LK-3142220,285,240,45
LK-3145,22183,19622,2561
LK-3145005,502,427,75
LK-3145010,375,346,29
LK-3145015,324,276,48
LK-3145020,1028,840,188
LK-3145025,342,324,18
LK-3145030,225,209,16
LK-3145035,266,221,45
LK-3145040,149,130,19
LK-3145045,215,190,25
LK-3145050,400,328,72
LK-3145055,357,307,50
LK-3145060,419,361,58
LK-3145065,281,247,34
LK-3145070,188,175,13
LK-3145075,392,365,27
LK-3145080,461,408,53
LK-3145085,313,279,34
LK-3145090,267,233,34
LK-3145095,270,239,31
LK-3145100,186,166,20
LK-3145105,153,133,20
LK-3145110,209,196,13
LK-3145115,333,295,38
LK-3145120,327,300,27
LK-3145125,273,250,23
LK-3145130,398,349,49
LK-3145135,570,508,62
LK-3145140,252,233,19
LK-3145145,388,339,49
LK-3145150,400,353,47
LK-3145155,574,485,89
LK-3145160,411,364,47
LK-3145165,462,404,58
LK-3145170,257,238,19
LK-3145175,362,331,31
LK-3145180,468,398,70
LK-3145185,251,225,26
LK-3145190,447,397,50
LK-3145195,702,632,70
LK-3145200,345,327,18
LK-3145205,354,312,42
LK-3145210,314,288,26
LK-3145215,850,697,153
LK-3145220,252,223,29
LK-3145225,336,302,34
LK-3145230,249,227,22
LK-3145235,504,460,44
LK-3145240,449,394,55
LK-3145245,280,253,27
LK-3145250,383,333,50
LK-3145255,213,197,16
LK-3145260,300,269,31
LK-3145265,277,241,36
LK-3145270,235,216,19
LK-3145275,205,180,25
LK-3145280,550,499,51
LK-3145285,340,314,26
LK-3145290,226,205,21
LK-3145295,200,181,19
LK-3145300,308,278,30
LK-3145305,404,365,39
LK-3145310,216,181,35
LK-3145315,196,179,17
LK-3148,14327,12158,2169
LK-3148005,368,299,69
LK-3148010,181,137,44
LK-3148015,755,671,84
LK-3148020,351,298,53
LK-3148025,209,172,37
LK-3148030,342,264,78
LK-3148035,558,431,127
LK-3148040,350,293,57
LK-3148045,327,285,42
LK-3148050,259,231,28
LK-3148055,340,305,35
LK-3148060,421,376,45
LK-3148065,328,278,50
LK-3148070,262,225,37
LK-3148075,390,338,52
LK-3148080,269,239,30
LK-3148085,199,189,10
LK-3148090,408,347,61
LK-3148095,204,172,32
LK-3148100,265,222,43
LK-3148105,197,167,30
LK-3148110,479,400,79
LK-3148115,479,380,99
LK-3148120,243,206,37
LK-3148125,338,282,56
LK-3148130,292,244,48
LK-3148135,237,205,32
LK-3148140,300,262,38
LK-3148145,463,396,67
LK-3148150,415,359,56
LK-3148155,303,267,36
LK-3148160,557,459,98
LK-3148165,288,250,38
LK-3148170,240,189,51
LK-3148175,253,204,49
LK-3148180,270,240,30
LK-3148185,280,247,33
LK-3148190,303,262,41
LK-3148195,197,162,35
LK-3148200,236,208,28
LK-3148205,240,187,53
LK-3148210,379,323,56
LK-3148215,319,282,37
LK-3148220,233,205,28
LK-3151,12744,11352,1392
LK-3151005,148,129,19
LK-3151010,240,216,24
LK-3151015,326,282,44
LK-3151020,136,125,11
LK-3151025,134,123,11
LK-3151030,297,273,24
LK-3151035,215,196,19
LK-3151040,251,201,50
LK-3151045,248,216,32
LK-3151050,222,195,27
LK-3151055,357,324,33
LK-3151060,259,234,25
LK-3151065,276,253,23
LK-3151070,459,394,65
LK-3151075,329,300,29
LK-3151080,149,136,13
LK-3151085,266,238,28
LK-3151090,336,288,48
LK-3151095,303,268,35
LK-3151100,491,444,47
LK-3151105,261,239,22
LK-3151110,246,218,28
LK-3151115,211,191,20
LK-3151120,120,107,13
LK-3151125,239,211,28
LK-3151130,321,286,35
LK-3151135,312,272,40
LK-3151140,233,206,27
LK-3151145,159,141,18
LK-3151150,207,189,18
LK-3151155,304,272,32
LK-3151160,320,295,25
LK-3151165,172,148,24
LK-3151170,464,431,33
LK-3151175,274,246,28
LK-3151180,306,284,22
LK-3151185,329,300,29
LK-3151190,250,214,36
LK-3151195,479,410,69
LK-3151200,422,384,38
LK-3151205,490,466,24
LK-3151210,900,756,144
LK-3151215,283,251,32
LK-3154,18102,15418,2684
LK-3154005,195,160,35
LK-3154010,295,237,58
LK-3154015,258,213,45
LK-3154020,520,451,69
LK-3154025,248,208,40
LK-3154030,192,163,29
LK-3154035,290,224,66
LK-3154040,245,213,32
LK-3154045,213,205,8
LK-3154050,480,419,61
LK-3154055,279,247,32
LK-3154060,222,200,22
LK-3154065,237,209,28
LK-3154070,311,277,34
LK-3154075,318,284,34
LK-3154080,304,287,17
LK-3154085,358,292,66
LK-3154090,247,211,36
LK-3154095,316,282,34
LK-3154100,484,445,39
LK-3154105,199,181,18
LK-3154110,195,171,24
LK-3154115,274,245,29
LK-3154120,426,384,42
LK-3154125,369,339,30
LK-3154130,238,202,36
LK-3154135,1060,456,604
LK-3154140,347,292,55
LK-3154145,373,317,56
LK-3154150,574,468,106
LK-3154155,335,312,23
LK-3154160,427,395,32
LK-3154165,189,165,24
LK-3154170,233,192,41
LK-3154175,265,236,29
LK-3154180,386,348,38
LK-3154185,273,228,45
LK-3154190,248,214,34
LK-3154195,239,203,36
LK-3154200,346,297,49
LK-3154205,438,374,64
LK-3154210,371,322,49
LK-3154215,173,145,28
LK-3154220,261,241,20
LK-3154225,258,235,23
LK-3154230,345,322,23
LK-3154235,378,346,32
LK-3154240,409,383,26
LK-3154245,252,227,25
LK-3154250,173,154,19
LK-3154255,247,219,28
LK-3154260,99,89,10
LK-3154265,307,276,31
LK-3154270,160,146,14
LK-3154275,314,265,49
LK-3154280,176,162,14
LK-3154285,251,220,31
LK-3154290,266,239,27
LK-3154295,216,181,35
LK-32,234362,205153,29209
LK-3203,16243,13643,2600
LK-3203005,288,261,27
LK-3203010,348,290,58
LK-3203015,416,389,27
LK-3203020,488,402,86
LK-3203025,491,385,106
LK-3203030,482,411,71
LK-3203035,411,325,86
LK-3203040,313,246,67
LK-3203045,337,258,79
LK-3203050,341,286,55
LK-3203055,352,292,60
LK-3203060,627,536,91
LK-3203065,529,367,162
LK-3203070,446,406,40
LK-3203075,435,374,61
LK-3203080,644,519,125
LK-3203085,363,325,38
LK-3203090,496,369,127
LK-3203095,415,362,53
LK-3203100,409,362,47
LK-3203105,552,485,67
LK-3203110,403,363,40
LK-3203115,403,328,75
LK-3203120,400,347,53
LK-3203125,451,383,68
LK-3203130,290,264,26
LK-3203135,200,166,34
LK-3203140,430,319,111
LK-3203145,572,538,34
LK-3203150,437,366,71
LK-3203155,465,432,33
LK-3203160,332,274,58
LK-3203165,312,287,25
LK-3203170,255,189,66
LK-3203175,231,167,64
LK-3203180,413,312,101
LK-3203185,300,243,57
LK-3203190,393,330,63
LK-3203195,393,348,45
LK-3203200,380,337,43
LK-3206,19592,16612,2980
LK-3206005,367,297,70
LK-3206010,481,444,37
LK-3206015,567,456,111
LK-3206020,1040,824,216
LK-3206025,862,712,150
LK-3206030,589,460,129
LK-3206035,629,516,113
LK-3206040,511,409,102
LK-3206045,349,319,30
LK-3206050,739,666,73
LK-3206055,409,374,35
LK-3206060,516,397,119
LK-3206065,736,539,197
LK-3206070,682,609,73
LK-3206075,456,408,48
LK-3206080,629,547,82
LK-3206085,769,705,64
LK-3206090,857,748,109
LK-3206095,275,241,34
LK-3206100,359,303,56
LK-3206105,751,669,82
LK-3206110,431,366,65
LK-3206115,547,441,106
LK-3206120,845,753,92
LK-3206125,313,275,38
LK-3206130,364,329,35
LK-3206135,338,285,53
LK-3206140,522,446,76
LK-3206145,411,363,48
LK-3206150,567,478,89
LK-3206155,528,413,115
LK-3206160,316,272,44
LK-3206165,247,194,53
LK-3206170,514,438,76
LK-3206175,235,194,41
LK-3206180,482,427,55
LK-3206185,359,295,64
LK-3209,19395,16108,3287
LK-3209005,472,395,77
LK-3209010,318,264,54
LK-3209015,469,385,84
LK-3209020,574,519,55
LK-3209025,612,464,148
LK-3209030,510,394,116
LK-3209035,611,508,103
LK-3209040,397,342,55
LK-3209045,553,495,58
LK-3209050,370,335,35
LK-3209055,390,329,61
LK-3209060,495,436,59
LK-3209065,382,320,62
LK-3209070,500,394,106
LK-3209075,797,692,105
LK-3209080,414,362,52
LK-3209085,388,316,72
LK-3209090,370,278,92
LK-3209095,576,471,105
LK-3209100,644,547,97
LK-3209105,410,341,69
LK-3209110,405,329,76
LK-3209115,259,245,14
LK-3209120,331,267,64
LK-3209125,461,379,82
LK-3209130,457,397,60
LK-3209135,496,426,70
LK-3209140,463,393,70
LK-3209145,631,537,94
LK-3209150,853,698,155
LK-3209155,387,325,62
LK-3209160,306,204,102
LK-3209165,405,304,101
LK-3209170,208,180,28
LK-3209175,241,199,42
LK-3209180,303,269,34
LK-3209185,424,327,97
LK-3209190,352,256,96
LK-3209195,329,265,64
LK-3209200,432,355,77
LK-3209205,438,355,83
LK-3209210,345,270,75
LK-3209215,617,541,76
LK-3212,14831,13046,1785
LK-3212005,266,244,22
LK-3212010,266,227,39
LK-3212015,280,270,10
LK-3212020,268,226,42
LK-3212025,333,239,94
LK-3212030,321,288,33
LK-3212035,305,288,17
LK-3212040,274,225,49
LK-3212045,251,214,37
LK-3212050,297,254,43
LK-3212055,344,307,37
LK-3212060,197,175,22
LK-3212065,416,368,48
LK-3212070,429,349,80
LK-3212075,398,358,40
LK-3212080,318,296,22
LK-3212085,428,353,75
LK-3212090,303,276,27
LK-3212095,183,161,22
LK-3212100,306,262,44
LK-3212105,347,316,31
LK-3212110,353,318,35
LK-3212115,267,240,27
LK-3212120,563,479,84
LK-3212125,204,186,18
LK-3212130,187,168,19
LK-3212135,349,304,45
LK-3212140,250,220,30
LK-3212145,359,319,40
LK-3212150,281,255,26
LK-3212155,197,182,15
LK-3212160,259,232,27
LK-3212165,370,326,44
LK-3212170,356,320,36
LK-3212175,256,231,25
LK-3212180,281,256,25
LK-3212185,253,228,25
LK-3212190,469,412,57
LK-3212195,480,412,68
LK-3212200,410,351,59
LK-3212205,217,189,28
LK-3212210,237,207,30
LK-3212215,282,241,41
LK-3212220,349,303,46
LK-3212225,261,223,38
LK-3212230,256,227,29
LK-3212235,227,218,9
LK-3212240,328,303,25
LK-3215,9135,8130,1005
LK-3215005,150,132,18
LK-3215010,451,376,75
LK-3215015,270,236,34
LK-3215020,437,406,31
LK-3215025,288,261,27
LK-3215030,371,336,35
LK-3215035,361,327,34
LK-3215040,318,277,41
LK-3215045,487,440,47
LK-3215050,567,516,51
LK-3215055,465,374,91
LK-3215060,357,309,48
LK-3215065,333,304,29
LK-3215070,407,350,57
LK-3215075,263,238,25
LK-3215080,373,331,42
LK-3215085,213,199,14
LK-3215090,325,287,38
LK-3215095,178,155,23
LK-3215100,298,262,36
LK-3215105,263,239,24
LK-3215110,154,133,21
LK-3215115,250,219,31
LK-3215120,339,308,31
LK-3215125,480,447,33
LK-3215130,205,192,13
LK-3215135,176,155,21
LK-3215140,356,321,35
LK-3218,15518,13560,1958
LK-3218005,174,132,42
LK-3218010,558,456,102
LK-3218015,169,158,11
LK-3218020,394,326,68
LK-3218025,320,286,34
LK-3218030,203,164,39
LK-3218035,213,191,22
LK-3218040,166,147,19
LK-3218045,346,305,41
LK-3218050,454,384,70
LK-3218055,159,131,28
LK-3218060,485,414,71
LK-3218065,487,406,81
LK-3218070,352,313,39
LK-3218075,332,294,38
LK-3218080,376,343,33
LK-3218085,267,244,23
LK-3218090,320,302,18
LK-3218095,233,207,26
LK-3218100,249,244,5
LK-3218105,252,233,19
LK-3218110,293,260,33
LK-3218115,181,160,21
LK-3218120,477,435,42
LK-3218125,327,283,44
LK-3218130,396,338,58
LK-3218135,212,198,14
LK-3218140,402,360,42
LK-3218145,424,366,58
LK-3218150,592,482,110
LK-3218155,322,301,21
LK-3218160,432,390,42
LK-3218165,325,281,44
LK-3218170,549,494,55
LK-3218175,304,247,57
LK-3218180,365,306,59
LK-3218185,342,299,43
LK-3218190,309,274,35
LK-3218195,283,254,29
LK-3218200,291,268,23
LK-3218205,379,345,34
LK-3218210,448,413,35
LK-3218215,398,308,90
LK-3218220,218,181,37
LK-3218225,464,388,76
LK-3218230,276,249,27
LK-3221,14387,12878,1509
LK-3221005,257,244,13
LK-3221010,393,356,37
LK-3221015,426,368,58
LK-3221020,302,270,32
LK-3221025,492,447,45
LK-3221030,386,351,35
LK-3221035,211,191,20
LK-3221040,411,369,42
LK-3221045,247,211,36
LK-3221050,313,245,68
LK-3221055,431,378,53
LK-3221060,563,498,65
LK-3221065,339,285,54
LK-3221070,260,238,22
LK-3221075,214,177,37
LK-3221080,243,218,25
LK-3221085,132,119,13
LK-3221090,332,310,22
LK-3221095,377,347,30
LK-3221100,365,329,36
LK-3221105,438,401,37
LK-3221110,258,234,24
LK-3221115,427,354,73
LK-3221120,421,377,44
LK-3221125,345,310,35
LK-3221130,496,444,52
LK-3221135,333,297,36
LK-3221140,735,663,72
LK-3221145,572,521,51
LK-3221150,221,195,26
LK-3221155,153,136,17
LK-3221160,270,241,29
LK-3221165,378,344,34
LK-3221170,515,483,32
LK-3221175,256,221,35
LK-3221180,648,602,46
LK-3221185,476,412,64
LK-3221190,751,692,59
LK-3224,9886,8893,993
LK-3224005,272,233,39
LK-3224010,287,270,17
LK-3224015,318,283,35
LK-3224020,201,184,17
LK-3224025,171,160,11
LK-3224030,244,225,19
LK-3224035,294,271,23
LK-3224040,344,296,48
LK-3224045,320,277,43
LK-3224050,413,373,40
LK-3224055,227,215,12
LK-3224060,209,188,21
LK-3224065,550,472,78
LK-3224070,146,131,15
LK-3224075,398,374,24
LK-3224080,450,408,42
LK-3224085,709,645,64
LK-3224090,278,247,31
LK-3224095,529,475,54
LK-3224100,231,210,21
LK-3224105,471,418,53
LK-3224110,430,385,45
LK-3224115,240,216,24
LK-3224120,345,318,27
LK-3224125,487,436,51
LK-3224130,288,259,29
LK-3224135,284,247,37
LK-3224140,362,334,28
LK-3224145,388,343,45
LK-3227,11813,10448,1365
LK-3227005,271,248,23
LK-3227010,226,208,18
LK-3227015,377,339,38
LK-3227020,281,247,34
LK-3227025,390,340,50
LK-3227030,173,159,14
LK-3227035,202,195,7
LK-3227040,191,172,19
LK-3227045,313,280,33
LK-3227050,251,222,29
LK-3227055,474,398,76
LK-3227060,343,295,48
LK-3227065,256,223,33
LK-3227070,377,345,32
LK-3227075,294,264,30
LK-3227080,445,396,49
LK-3227085,562,476,86
LK-3227090,230,208,22
LK-3227095,243,216,27
LK-3227100,247,222,25
LK-3227105,338,296,42
LK-3227110,370,336,34
LK-3227115,368,327,41
LK-3227120,270,237,33
LK-3227125,527,456,71
LK-3227130,273,250,23
LK-3227135,440,353,87
LK-3227140,283,257,26
LK-3227145,246,224,22
LK-3227150,258,217,41
LK-3227155,210,190,20
LK-3227160,219,190,29
LK-3227165,288,259,29
LK-3227170,266,228,38
LK-3227175,341,308,33
LK-3227180,272,247,25
LK-3227185,193,171,22
LK-3227190,321,290,31
LK-3227195,184,159,25
LK-3230,8907,7971,936
LK-3230005,306,268,38
LK-3230010,302,270,32
LK-3230015,232,202,30
LK-3230020,379,338,41
LK-3230025,328,270,58
LK-3230030,222,191,31
LK-3230035,176,146,30
LK-3230040,224,203,21
LK-3230045,129,111,18
LK-3230050,217,196,21
LK-3230055,193,171,22
LK-3230060,177,156,21
LK-3230065,243,235,8
LK-3230070,350,328,22
LK-3230075,231,207,24
LK-3230080,357,320,37
LK-3230085,257,216,41
LK-3230090,239,222,17
LK-3230095,181,175,6
LK-3230100,211,195,16
LK-3230105,234,203,31
LK-3230110,291,269,22
LK-3230115,286,259,27
LK-3230120,272,236,36
LK-3230125,220,201,19
LK-3230130,380,345,35
LK-3230135,249,218,31
LK-3230140,320,286,34
LK-3230145,348,301,47
LK-3230150,188,171,17
LK-3230155,285,262,23
LK-3230160,263,244,19
LK-3230165,304,263,41
LK-3230170,313,293,20
LK-3233,5933,5231,702
LK-3233005,295,268,27
LK-3233010,278,243,35
LK-3233015,286,253,33
LK-3233020,184,164,20
LK-3233025,195,185,10
LK-3233030,252,216,36
LK-3233035,214,192,22
LK-3233040,280,253,27
LK-3233045,158,147,11
LK-3233050,246,223,23
LK-3233055,202,192,10
LK-3233060,208,174,34
LK-3233065,230,207,23
LK-3233070,255,222,33
LK-3233075,193,168,25
LK-3233080,228,202,26
LK-3233085,283,229,54
LK-3233090,257,213,44
LK-3233095,294,274,20
LK-3233100,239,217,22
LK-3233105,319,269,50
LK-3233110,207,165,42
LK-3233115,238,211,27
LK-3233120,186,165,21
LK-3233125,206,179,27
LK-3236,9442,8519,923
LK-3236005,263,244,19
LK-3236010,269,249,20
LK-3236015,202,183,19
LK-3236020,253,240,13
LK-3236025,331,286,45
LK-3236030,282,253,29
LK-3236035,381,348,33
LK-3236040,234,197,37
LK-3236045,320,282,38
LK-3236050,167,149,18
LK-3236055,164,156,8
LK-3236060,129,118,11
LK-3236065,278,251,27
LK-3236070,233,206,27
LK-3236075,108,97,11
LK-3236080,182,168,14
LK-3236085,276,250,26
LK-3236090,268,245,23
LK-3236095,362,330,32
LK-3236100,222,199,23
LK-3236105,117,114,3
LK-3236110,156,141,15
LK-3236115,212,186,26
LK-3236120,172,153,19
LK-3236125,164,156,8
LK-3236130,230,202,28
LK-3236135,180,160,20
LK-3236140,287,258,29
LK-3236145,223,207,16
LK-3236150,208,189,19
LK-3236155,197,178,19
LK-3236160,248,228,20
LK-3236165,289,245,44
LK-3236170,249,231,18
LK-3236175,301,274,27
LK-3236180,258,236,22
LK-3236185,148,131,17
LK-3236190,264,227,37
LK-3236195,288,254,34
LK-3236200,327,298,29
LK-3239,19827,17438,2389
LK-3239005,464,421,43
LK-3239010,343,299,44
LK-3239015,366,332,34
LK-3239020,260,239,21
LK-3239025,383,340,43
LK-3239030,479,416,63
LK-3239035,982,866,116
LK-3239040,404,317,87
LK-3239045,426,385,41
LK-3239050,315,285,30
LK-3239055,650,546,104
LK-3239060,653,580,73
LK-3239065,615,543,72
LK-3239070,250,223,27
LK-3239075,411,361,50
LK-3239080,411,357,54
LK-3239085,840,712,128
LK-3239090,544,462,82
LK-3239095,309,265,44
LK-3239100,326,289,37
LK-3239105,344,321,23
LK-3239110,394,342,52
LK-3239115,288,262,26
LK-3239120,238,209,29
LK-3239125,425,335,90
LK-3239130,659,587,72
LK-3239135,376,337,39
LK-3239140,492,452,40
LK-3239145,344,309,35
LK-3239150,345,299,46
LK-3239155,441,384,57
LK-3239160,304,277,27
LK-3239165,264,243,21
LK-3239170,316,279,37
LK-3239175,315,295,20
LK-3239180,502,436,66
LK-3239185,342,315,27
LK-3239190,472,394,78
LK-3239195,348,309,39
LK-3239200,509,451,58
LK-3239205,337,297,40
LK-3239210,429,389,40
LK-3239215,489,441,48
LK-3239220,239,224,15
LK-3239225,429,362,67
LK-3239230,255,216,39
LK-3239235,189,163,26
LK-3239240,311,272,39
LK-3242,31281,27696,3585
LK-3242005,322,283,39
LK-3242010,501,436,65
LK-3242015,216,195,21
LK-3242020,322,300,22
LK-3242025,375,347,28
LK-3242030,199,184,15
LK-3242035,563,495,68
LK-3242040,311,289,22
LK-3242045,132,123,9
LK-3242050,221,209,12
LK-3242055,507,455,52
LK-3242060,318,294,24
LK-3242065,214,199,15
LK-3242070,359,334,25
LK-3242075,423,386,37
LK-3242080,606,554,52
LK-3242085,1058,927,131
LK-3242090,663,570,93
LK-3242095,289,269,20
LK-3242100,433,391,42
LK-3242105,755,680,75
LK-3242110,349,316,33
LK-3242115,743,625,118
LK-3242120,361,324,37
LK-3242125,871,718,153
LK-3242130,733,637,96
LK-3242135,830,754,76
LK-3242140,419,394,25
LK-3242145,212,182,30
LK-3242150,710,655,55
LK-3242155,471,419,52
LK-3242160,901,786,115
LK-3242165,256,248,8
LK-3242170,768,699,69
LK-3242175,379,322,57
LK-3242180,321,282,39
LK-3242185,610,540,70
LK-3242190,582,521,61
LK-3242195,538,465,73
LK-3242200,467,412,55
LK-3242205,969,854,115
LK-3242210,605,480,125
LK-3242215,459,437,22
LK-3242220,714,583,131
LK-3242225,314,275,39
LK-3242230,572,518,54
LK-3242235,701,632,69
LK-3242240,519,490,29
LK-3242245,547,481,66
LK-3242250,292,245,47
LK-3242255,659,562,97
LK-3242260,759,675,84
LK-3242265,231,209,22
LK-3242270,290,263,27
LK-3242275,467,398,69
LK-3242280,228,184,44
LK-3242285,301,264,37
LK-3242290,356,290,66
LK-3242295,435,384,51
LK-3242300,654,582,72
LK-3242305,429,381,48
LK-3242310,290,250,40
LK-3242315,233,209,24
LK-3242320,264,228,36
LK-3242325,433,367,66
LK-3242330,252,236,16
LK-3245,13060,11650,1410
LK-3245005,427,369,58
LK-3245010,244,216,28
LK-3245015,326,287,39
LK-3245020,177,156,21
LK-3245025,410,357,53
LK-3245030,513,446,67
LK-3245035,258,232,26
LK-3245040,221,184,37
LK-3245045,298,245,53
LK-3245050,136,118,18
LK-3245055,139,119,20
LK-3245060,279,255,24
LK-3245065,216,190,26
LK-3245070,333,297,36
LK-3245075,267,226,41
LK-3245080,384,352,32
LK-3245085,194,176,18
LK-3245090,225,205,20
LK-3245095,368,332,36
LK-3245100,251,235,16
LK-3245105,481,429,52
LK-3245110,258,235,23
LK-3245115,251,234,17
LK-3245120,376,331,45
LK-3245125,1077,952,125
LK-3245130,330,295,35
LK-3245135,354,308,46
LK-3245140,247,228,19
LK-3245145,283,251,32
LK-3245150,529,482,47
LK-3245155,658,608,50
LK-3245160,246,238,8
LK-3245165,385,352,33
LK-3245170,157,137,20
LK-3245175,266,242,24
LK-3245180,369,331,38
LK-3245185,313,271,42
LK-3245190,111,106,5
LK-3245195,206,184,22
LK-3245200,264,220,44
LK-3245205,233,219,14
LK-3248,15112,13330,1782
LK-3248005,142,126,16
LK-3248010,226,203,23
LK-3248015,252,215,37
LK-3248020,250,210,40
LK-3248025,199,164,35
LK-3248030,321,287,34
LK-3248035,251,215,36
LK-3248040,226,207,19
LK-3248045,259,214,45
LK-3248050,269,234,35
LK-3248055,196,175,21
LK-3248060,257,214,43
LK-3248065,436,387,49
LK-3248070,183,161,22
LK-3248075,289,255,34
LK-3248080,485,415,70
LK-3248085,142,133,9
LK-3248090,295,254,41
LK-3248095,344,306,38
LK-3248100,247,207,40
LK-3248105,456,411,45
LK-3248110,297,263,34
LK-3248115,503,460,43
LK-3248120,359,329,30
LK-3248125,614,550,64
LK-3248130,320,301,19
LK-3248135,401,355,46
LK-3248140,467,440,27
LK-3248145,321,291,30
LK-3248150,315,287,28
LK-3248155,328,267,61
LK-3248160,159,133,26
LK-3248165,327,278,49
LK-3248170,543,466,77
LK-3248175,288,262,26
LK-3248180,546,470,76
LK-3248185,310,262,48
LK-3248190,260,237,23
LK-3248195,424,367,57
LK-3248200,284,254,30
LK-3248205,242,229,13
LK-3248210,285,258,27
LK-3248215,533,468,65
LK-3248220,367,332,35
LK-3248225,223,202,21
LK-3248230,206,146,60
LK-3248235,135,120,15
LK-3248240,330,310,20
LK-33,179939,155716,24223
LK-3303,13563,11425,2138
LK-3303005,207,175,32
LK-3303010,431,349,82
LK-3303015,487,401,86
LK-3303020,338,301,37
LK-3303025,375,324,51
LK-3303030,784,684,100
LK-3303035,820,705,115
LK-3303040,656,542,114
LK-3303045,793,689,104
LK-3303050,650,568,82
LK-3303055,618,543,75
LK-3303060,1223,1028,195
LK-3303065,906,774,132
LK-3303070,643,579,64
LK-3303075,635,544,91
LK-3303080,911,741,170
LK-3303085,573,470,103
LK-3303090,550,444,106
LK-3303095,538,482,56
LK-3303100,298,279,19
LK-3303105,1127,803,324
LK-3306,10265,8401,1864
LK-3306005,399,267,132
LK-3306010,89,76,13
LK-3306015,118,93,25
LK-3306020,450,379,71
LK-3306025,362,326,36
LK-3306030,231,194,37
LK-3306035,508,410,98
LK-3306040,295,246,49
LK-3306045,923,630,293
LK-3306050,321,286,35
LK-3306055,552,477,75
LK-3306060,295,267,28
LK-3306065,167,154,13
LK-3306070,81,76,5
LK-3306075,217,189,28
LK-3306080,268,222,46
LK-3306085,209,151,58
LK-3306090,316,279,37
LK-3306095,196,160,36
LK-3306100,262,198,64
LK-3306105,247,193,54
LK-3306110,379,324,55
LK-3306115,290,245,45
LK-3306120,436,384,52
LK-3306125,143,103,40
LK-3306130,182,133,49
LK-3306135,404,300,104
LK-3306140,429,308,121
LK-3306145,90,84,6
LK-3306150,213,196,17
LK-3306155,255,229,26
LK-3306160,272,247,25
LK-3306165,118,107,11
LK-3306170,277,232,45
LK-3306175,77,72,5
LK-3306180,194,164,30
LK-3309,20512,17897,2615
LK-3309005,682,574,108
LK-3309010,1001,829,172
LK-3309015,691,558,133
LK-3309020,903,744,159
LK-3309025,746,671,75
LK-3309030,549,491,58
LK-3309035,575,508,67
LK-3309040,345,285,60
LK-3309045,575,466,109
LK-3309050,330,292,38
LK-3309055,453,399,54
LK-3309060,386,348,38
LK-3309065,416,362,54
LK-3309070,355,321,34
LK-3309075,400,346,54
LK-3309080,262,236,26
LK-3309085,483,441,42
LK-3309090,709,612,97
LK-3309095,232,221,11
LK-3309100,460,392,68
LK-3309105,303,271,32
LK-3309110,516,458,58
LK-3309115,569,527,42
LK-3309120,283,262,21
LK-3309125,331,291,40
LK-3309130,349,300,49
LK-3309135,705,563,142
LK-3309140,352,321,31
LK-3309145,378,354,24
LK-3309150,392,360,32
LK-3309155,572,505,67
LK-3309160,337,289,48
LK-3309165,655,574,81
LK-3309170,499,446,53
LK-3309175,321,293,28
LK-3309180,189,164,25
LK-3309185,385,350,35
LK-3309190,286,259,27
LK-3309195,308,283,25
LK-3309200,325,304,21
LK-3309205,459,381,78
LK-3309210,412,376,36
LK-3309215,292,259,33
LK-3309220,741,611,130
LK-3312,17822,14629,3193
LK-3312005,458,381,77
LK-3312010,228,186,42
LK-3312015,548,463,85
LK-3312020,371,318,53
LK-3312025,285,245,40
LK-3312030,334,282,52
LK-3312035,323,271,52
LK-3312040,609,468,141
LK-3312045,312,275,37
LK-3312050,420,305,115
LK-3312055,779,630,149
LK-3312060,413,368,45
LK-3312065,305,289,16
LK-3312070,466,424,42
LK-3312075,519,426,93
LK-3312080,407,358,49
LK-3312085,332,291,41
LK-3312090,450,404,46
LK-3312095,533,486,47
LK-3312100,999,862,137
LK-3312105,724,610,114
LK-3312110,626,434,192
LK-3312115,611,508,103
LK-3312120,2117,1772,345
LK-3312125,288,233,55
LK-3312130,2267,1694,573
LK-3312135,1077,754,323
LK-3312140,483,422,61
LK-3312145,173,144,29
LK-3312150,365,326,39
LK-3315,20904,18680,2224
LK-3315005,273,245,28
LK-3315010,578,516,62
LK-3315015,451,421,30
LK-3315020,493,433,60
LK-3315025,377,371,6
LK-3315030,493,424,69
LK-3315035,323,299,24
LK-3315040,395,359,36
LK-3315045,588,530,58
LK-3315050,398,371,27
LK-3315055,473,383,90
LK-3315060,336,281,55
LK-3315065,228,199,29
LK-3315070,323,279,44
LK-3315075,438,391,47
LK-3315080,303,267,36
LK-3315085,371,348,23
LK-3315090,376,340,36
LK-3315095,476,450,26
LK-3315100,280,260,20
LK-3315105,425,378,47
LK-3315110,443,376,67
LK-3315115,461,371,90
LK-3315120,480,462,18
LK-3315125,201,191,10
LK-3315130,164,152,12
LK-3315135,293,270,23
LK-3315140,254,233,21
LK-3315145,257,242,15
LK-3315150,283,268,15
LK-3315155,449,396,53
LK-3315160,260,237,23
LK-3315165,329,301,28
LK-3315170,414,354,60
LK-3315175,875,784,91
LK-3315180,286,252,34
LK-3315185,254,230,24
LK-3315190,319,293,26
LK-3315195,612,538,74
LK-3315200,386,338,48
LK-3315205,549,459,90
LK-3315210,218,184,34
LK-3315215,243,224,19
LK-3315220,199,177,22
LK-3315225,362,314,48
LK-3315230,447,378,69
LK-3315235,384,355,29
LK-3315240,507,436,71
LK-3315245,198,180,18
LK-3315250,327,290,37
LK-3315255,369,337,32
LK-3315260,457,384,73
LK-3315265,322,303,19
LK-3315270,498,460,38
LK-3315275,406,366,40
LK-3318,14506,12790,1716
LK-3318005,187,165,22
LK-3318010,219,210,9
LK-3318015,255,213,42
LK-3318020,178,142,36
LK-3318025,432,358,74
LK-3318030,174,162,12
LK-3318035,276,244,32
LK-3318040,326,294,32
LK-3318045,333,295,38
LK-3318050,247,223,24
LK-3318055,217,187,30
LK-3318060,184,164,20
LK-3318065,379,323,56
LK-3318070,187,175,12
LK-3318075,505,419,86
LK-3318080,202,183,19
LK-3318085,336,297,39
LK-3318090,127,116,11
LK-3318095,174,154,20
LK-3318100,175,151,24
LK-3318105,452,414,38
LK-3318110,231,218,13
LK-3318115,238,216,22
LK-3318120,425,360,65
LK-3318125,161,144,17
LK-3318130,292,247,45
LK-3318135,206,186,20
LK-3318140,198,170,28
LK-3318145,232,204,28
LK-3318150,259,229,30
LK-3318155,276,250,26
LK-3318160,365,324,41
LK-3318165,122,106,16
LK-3318170,387,341,46
LK-3318175,182,162,20
LK-3318180,245,228,17
LK-3318185,226,206,20
LK-3318190,306,277,29
LK-3318195,688,617,71
LK-3318200,469,397,72
LK-3318205,295,261,34
LK-3318210,194,177,17
LK-3318215,377,333,44
LK-3318220,406,335,71
LK-3318225,712,643,69
LK-3318230,288,225,63
LK-3318235,114,99,15
LK-3318240,192,178,14
LK-3318245,200,164,36
LK-3318250,337,311,26
LK-3318255,318,293,25
LK-3321,12401,10945,1456
LK-3321005,272,233,39
LK-3321010,101,86,15
LK-3321015,191,173,18
LK-3321020,180,158,22
LK-3321025,199,168,31
LK-3321030,183,158,25
LK-3321035,182,171,11
LK-3321040,205,191,14
LK-3321045,209,183,26
LK-3321050,176,150,26
LK-3321055,148,134,14
LK-3321060,227,198,29
LK-3321065,242,204,38
LK-3321070,313,276,37
LK-3321075,139,128,11
LK-3321080,156,138,18
LK-3321085,126,109,17
LK-3321090,356,316,40
LK-3321095,172,144,28
LK-3321100,90,83,7
LK-3321105,180,162,18
LK-3321110,120,104,16
LK-3321115,190,168,22
LK-3321120,185,165,20
LK-3321125,204,191,13
LK-3321130,142,119,23
LK-3321135,120,106,14
LK-3321140,263,238,25
LK-3321145,105,95,10
LK-3321150,278,235,43
LK-3321155,288,256,32
LK-3321160,154,149,5
LK-3321165,169,154,15
LK-3321170,425,386,39
LK-3321175,305,263,42
LK-3321180,271,242,29
LK-3321185,286,247,39
LK-3321190,220,206,14
LK-3321195,174,150,24
LK-3321200,133,124,9
LK-3321205,143,128,15
LK-3321210,154,138,16
LK-3321215,141,124,17
LK-3321220,183,162,21
LK-3321225,234,217,17
LK-3321230,347,319,28
LK-3321235,306,262,44
LK-3321240,209,187,22
LK-3321245,267,222,45
LK-3321250,306,253,53
LK-3321255,294,252,42
LK-3321260,132,118,14
LK-3321265,228,208,20
LK-3321270,269,236,33
LK-3321275,121,109,12
LK-3321280,207,183,24
LK-3321285,152,137,15
LK-3321290,299,245,54
LK-3321295,193,159,34
LK-3321300,137,125,12
LK-3324,14168,12302,1866
LK-3324005,221,187,34
LK-3324010,482,401,81
LK-3324015,238,215,23
LK-3324020,207,185,22
LK-3324025,78,78,0
LK-3324030,217,201,16
LK-3324035,94,87,7
LK-3324040,287,258,29
LK-3324045,177,155,22
LK-3324050,286,255,31
LK-3324055,242,216,26
LK-3324060,341,302,39
LK-3324065,575,467,108
LK-3324070,177,159,18
LK-3324075,152,138,14
LK-3324080,249,212,37
LK-3324085,353,309,44
LK-3324090,296,259,37
LK-3324095,400,356,44
LK-3324100,134,116,18
LK-3324105,196,181,15
LK-3324110,221,211,10
LK-3324115,333,284,49
LK-3324120,358,310,48
LK-3324125,440,383,57
LK-3324130,282,248,34
LK-3324135,125,117,8
LK-3324140,174,141,33
LK-3324145,139,120,19
LK-3324150,393,348,45
LK-3324155,204,177,27
LK-3324160,243,192,51
LK-3324165,225,188,37
LK-3324170,185,166,19
LK-3324175,446,379,67
LK-3324180,244,222,22
LK-3324185,183,159,24
LK-3324190,116,100,16
LK-3324195,225,193,32
LK-3324200,184,144,40
LK-3324205,184,156,28
LK-3324210,180,163,17
LK-3324215,235,216,19
LK-3324220,198,168,30
LK-3324225,307,276,31
LK-3324230,226,192,34
LK-3324235,229,198,31
LK-3324240,285,249,36
LK-3324245,227,195,32
LK-3324250,240,202,38
LK-3324255,338,276,62
LK-3324260,342,302,40
LK-3324265,243,206,37
LK-3324270,233,206,27
LK-3324275,218,182,36
LK-3324280,361,296,65
LK-3325,12988,11136,1852
LK-3325005,223,185,38
LK-3325010,215,184,31
LK-3325015,250,210,40
LK-3325020,203,167,36
LK-3325025,226,207,19
LK-3325030,271,233,38
LK-3325035,284,248,36
LK-3325040,275,241,34
LK-3325045,243,202,41
LK-3325050,349,289,60
LK-3325055,222,191,31
LK-3325060,250,221,29
LK-3325065,297,268,29
LK-3325070,233,203,30
LK-3325075,261,225,36
LK-3325080,239,207,32
LK-3325085,238,205,33
LK-3325090,228,194,34
LK-3325095,293,246,47
LK-3325100,267,223,44
LK-3325105,330,294,36
LK-3325110,270,208,62
LK-3325115,237,208,29
LK-3325120,228,210,18
LK-3325125,196,144,52
LK-3325130,229,180,49
LK-3325135,256,215,41
LK-3325140,193,177,16
LK-3325145,265,210,55
LK-3325150,199,174,25
LK-3325155,270,232,38
LK-3325160,193,154,39
LK-3325165,200,181,19
LK-3325170,174,156,18
LK-3325175,139,120,19
LK-3325180,256,224,32
LK-3325185,206,189,17
LK-3325190,435,366,69
LK-3325195,335,271,64
LK-3325200,338,296,42
LK-3325205,167,123,44
LK-3325210,240,213,27
LK-3325215,364,326,38
LK-3325220,212,193,19
LK-3325225,241,209,32
LK-3325230,126,107,19
LK-3325235,224,200,24
LK-3325240,221,185,36
LK-3325245,203,176,27
LK-3325250,78,69,9
LK-3325255,462,384,78
LK-3325260,207,180,27
LK-3325265,227,213,14
LK-3327,5494,4795,699
LK-3327005,193,174,19
LK-3327010,185,164,21
LK-3327015,445,402,43
LK-3327020,225,178,47
LK-3327025,255,233,22
LK-3327030,165,138,27
LK-3327035,261,218,43
LK-3327040,223,180,43
LK-3327045,293,268,25
LK-3327050,217,193,24
LK-3327055,208,171,37
LK-3327060,161,147,14
LK-3327065,252,204,48
LK-3327070,217,199,18
LK-3327075,200,172,28
LK-3327080,129,118,11
LK-3327085,192,170,22
LK-3327090,171,151,20
LK-3327095,157,143,14
LK-3327100,217,184,33
LK-3327105,164,136,28
LK-3327110,190,160,30
LK-3327115,250,229,21
LK-3327120,135,116,19
LK-3327125,106,101,5
LK-3327130,156,138,18
LK-3327135,127,108,19
LK-3330,16213,14337,1876
LK-3330005,125,113,12
LK-3330010,207,194,13
LK-3330015,178,162,16
LK-3330020,130,109,21
LK-3330025,219,199,20
LK-3330030,257,224,33
LK-3330035,177,150,27
LK-3330040,155,139,16
LK-3330045,176,143,33
LK-3330050,255,221,34
LK-3330055,136,118,18
LK-3330060,238,219,19
LK-3330065,101,97,4
LK-3330070,201,177,24
LK-3330075,132,122,10
LK-3330080,282,253,29
LK-3330085,116,97,19
LK-3330090,298,256,42
LK-3330095,218,189,29
LK-3330100,122,111,11
LK-3330105,336,295,41
LK-3330110,173,159,14
LK-3330115,224,198,26
LK-3330120,220,194,26
LK-3330125,224,196,28
LK-3330130,252,238,14
LK-3330135,228,204,24
LK-3330140,161,142,19
LK-3330145,234,207,27
LK-3330150,265,207,58
LK-3330155,287,243,44
LK-3330160,210,181,29
LK-3330165,155,138,17
LK-3330170,344,293,51
LK-3330175,112,97,15
LK-3330180,260,225,35
LK-3330185,179,159,20
LK-3330190,223,186,37
LK-3330195,305,275,30
LK-3330200,364,335,29
LK-3330205,261,234,27
LK-3330210,215,189,26
LK-3330215,356,320,36
LK-3330220,413,358,55
LK-3330225,296,258,38
LK-3330230,215,184,31
LK-3330235,240,228,12
LK-3330240,244,214,30
LK-3330245,199,173,26
LK-3330250,469,416,53
LK-3330255,323,270,53
LK-3330260,118,104,14
LK-3330265,221,188,33
LK-3330270,426,391,35
LK-3330275,237,208,29
LK-3330280,199,181,18
LK-3330285,238,213,25
LK-3330290,341,295,46
LK-3330295,157,145,12
LK-3330300,159,157,2
LK-3330305,282,254,28
LK-3330310,134,122,12
LK-3330315,228,203,25
LK-3330320,185,160,25
LK-3330325,223,198,25
LK-3330330,172,155,17
LK-3330335,213,185,28
LK-3330340,176,163,13
LK-3330345,305,272,33
LK-3330350,312,275,37
LK-3330355,177,159,18
LK-3333,21103,18379,2724
LK-3333005,323,284,39
LK-3333010,257,244,13
LK-3333015,331,303,28
LK-3333020,285,254,31
LK-3333025,272,243,29
LK-3333030,158,137,21
LK-3333035,371,308,63
LK-3333040,478,433,45
LK-3333045,552,476,76
LK-3333050,472,435,37
LK-3333055,392,347,45
LK-3333060,256,234,22
LK-3333065,239,219,20
LK-3333070,193,166,27
LK-3333075,165,143,22
LK-3333080,139,119,20
LK-3333085,83,73,10
LK-3333090,200,181,19
LK-3333095,132,117,15
LK-3333100,237,210,27
LK-3333105,191,163,28
LK-3333110,209,176,33
LK-3333115,351,308,43
LK-3333120,379,330,49
LK-3333125,456,419,37
LK-3333130,532,458,74
LK-3333135,369,351,18
LK-3333140,482,441,41
LK-3333145,401,355,46
LK-3333150,498,433,65
LK-3333155,326,244,82
LK-3333160,107,94,13
LK-3333165,408,344,64
LK-3333170,255,227,28
LK-3333175,304,271,33
LK-3333180,339,269,70
LK-3333185,264,232,32
LK-3333190,264,242,22
LK-3333195,218,180,38
LK-3333200,120,110,10
LK-3333205,211,172,39
LK-3333210,156,140,16
LK-3333215,392,309,83
LK-3333220,692,617,75
LK-3333225,520,421,99
LK-3333230,211,154,57
LK-3333235,482,451,31
LK-3333240,318,279,39
LK-3333245,378,335,43
LK-3333250,160,138,22
LK-3333255,321,263,58
LK-3333260,333,287,46
LK-3333265,452,402,50
LK-3333270,174,157,17
LK-3333275,262,233,29
LK-3333280,399,343,56
LK-3333285,246,213,33
LK-3333290,333,304,29
LK-3333295,361,311,50
LK-3333300,204,115,89
LK-3333305,279,239,40
LK-3333310,323,270,53
LK-3333315,139,127,12
LK-3333320,202,180,22
LK-3333325,132,118,14
LK-3333330,259,240,19
LK-3333335,225,197,28
LK-3333340,185,150,35
LK-3333345,154,124,30
LK-3333350,66,47,19
LK-3333355,335,305,30
LK-3333360,191,165,26
LK-4,293883,254635,39248
LK-41,158333,136969,21364
LK-4103,2985,2269,716
LK-4103005,257,199,58
LK-4103010,274,215,59
LK-4103015,146,120,26
LK-4103020,196,140,56
LK-4103025,129,112,17
LK-4103030,258,214,44
LK-4103035,138,102,36
LK-4103040,277,243,34
LK-4103045,160,90,70
LK-4103050,212,134,78
LK-4103055,201,165,36
LK-4103060,57,45,12
LK-4103065,219,168,51
LK-4103070,353,255,98
LK-4103075,108,67,41
LK-4104,3344,2496,848
LK-4104005,228,172,56
LK-4104010,538,432,106
LK-4104015,530,375,155
LK-4104020,436,363,73
LK-4104025,215,103,112
LK-4104030,562,394,168
LK-4104035,195,122,73
LK-4104040,310,287,23
LK-4104045,330,248,82
LK-4106,12269,10781,1488
LK-4106005,445,403,42
LK-4106010,399,339,60
LK-4106015,428,404,24
LK-4106020,318,258,60
LK-4106025,537,455,82
LK-4106030,647,564,83
LK-4106035,501,462,39
LK-4106040,457,404,53
LK-4106045,678,619,59
LK-4106050,388,323,65
LK-4106055,365,321,44
LK-4106060,329,285,44
LK-4106065,674,565,109
LK-4106070,319,272,47
LK-4106075,836,737,99
LK-4106080,523,480,43
LK-4106085,416,378,38
LK-4106090,737,642,95
LK-4106095,429,379,50
LK-4106100,458,361,97
LK-4106105,357,331,26
LK-4106110,445,369,76
LK-4106115,516,459,57
LK-4106120,513,465,48
LK-4106125,554,506,48
LK-4109,13790,12154,1636
LK-4109005,471,432,39
LK-4109010,537,504,33
LK-4109015,372,348,24
LK-4109020,857,787,70
LK-4109025,922,831,91
LK-4109030,670,620,50
LK-4109035,396,372,24
LK-4109040,406,371,35
LK-4109045,351,306,45
LK-4109050,568,510,58
LK-4109055,467,401,66
LK-4109060,607,555,52
LK-4109065,473,430,43
LK-4109070,527,475,52
LK-4109075,361,306,55
LK-4109080,463,419,44
LK-4109085,580,471,109
LK-4109090,696,590,106
LK-4109095,441,409,32
LK-4109100,568,487,81
LK-4109105,285,224,61
LK-4109110,731,622,109
LK-4109115,317,252,65
LK-4109120,205,179,26
LK-4109125,442,373,69
LK-4109130,354,295,59
LK-4109135,569,460,109
LK-4109140,154,125,29
LK-4112,8017,6755,1262
LK-4112005,562,508,54
LK-4112010,590,516,74
LK-4112015,609,560,49
LK-4112020,410,347,63
LK-4112025,357,308,49
LK-4112030,432,412,20
LK-4112035,307,273,34
LK-4112040,510,431,79
LK-4112045,500,500,0
LK-4112050,334,234,100
LK-4112055,431,362,69
LK-4112060,220,133,87
LK-4112065,290,236,54
LK-4112070,229,195,34
LK-4112075,118,94,24
LK-4112080,409,344,65
LK-4112085,133,113,20
LK-4112090,468,386,82
LK-4112095,182,150,32
LK-4112100,43,16,27
LK-4112105,26,26,0
LK-4112115,1,1,0
LK-4112125,18,3,15
LK-4112130,81,6,75
LK-4112135,51,37,14
LK-4112140,269,214,55
LK-4112160,34,30,4
LK-4112165,359,298,61
LK-4112170,44,22,22
LK-4115,13342,12236,1106
LK-4115005,362,337,25
LK-4115010,484,449,35
LK-4115015,522,481,41
LK-4115020,670,625,45
LK-4115025,533,497,36
LK-4115030,690,621,69
LK-4115035,448,394,54
LK-4115040,232,199,33
LK-4115045,518,473,45
LK-4115050,376,335,41
LK-4115055,535,499,36
LK-4115060,350,350,0
LK-4115065,443,414,29
LK-4115070,287,277,10
LK-4115075,868,815,53
LK-4115080,404,378,26
LK-4115085,464,416,48
LK-4115090,414,389,25
LK-4115095,435,405,30
LK-4115100,390,348,42
LK-4115105,394,366,28
LK-4115110,764,703,61
LK-4115115,352,321,31
LK-4115120,447,389,58
LK-4115125,308,279,29
LK-4115130,284,262,22
LK-4115135,272,226,46
LK-4115140,430,395,35
LK-4115145,477,432,45
LK-4115150,189,161,28
LK-4118,18269,16719,1550
LK-4118005,637,598,39
LK-4118010,554,490,64
LK-4118015,592,536,56
LK-4118020,943,862,81
LK-4118025,907,801,106
LK-4118030,676,583,93
LK-4118035,706,651,55
LK-4118040,620,549,71
LK-4118045,1057,1011,46
LK-4118050,636,585,51
LK-4118055,735,689,46
LK-4118060,661,570,91
LK-4118065,679,603,76
LK-4118070,288,267,21
LK-4118075,508,442,66
LK-4118080,484,445,39
LK-4118085,684,640,44
LK-4118090,376,351,25
LK-4118095,337,327,10
LK-4118100,286,276,10
LK-4118105,632,586,46
LK-4118110,867,819,48
LK-4118115,775,716,59
LK-4118120,248,225,23
LK-4118125,564,539,25
LK-4118130,512,460,52
LK-4118135,273,242,31
LK-4118140,216,208,8
LK-4118145,493,459,34
LK-4118150,759,680,79
LK-4118155,564,509,55
LK-4121,12790,10998,1792
LK-4121005,470,418,52
LK-4121010,488,458,30
LK-4121015,434,378,56
LK-4121020,425,354,71
LK-4121025,407,340,67
LK-4121030,528,472,56
LK-4121035,341,271,70
LK-4121040,335,261,74
LK-4121045,363,326,37
LK-4121050,394,328,66
LK-4121055,486,455,31
LK-4121060,554,515,39
LK-4121065,439,376,63
LK-4121070,362,329,33
LK-4121075,408,329,79
LK-4121080,356,346,10
LK-4121085,303,253,50
LK-4121090,236,190,46
LK-4121095,260,216,44
LK-4121100,428,348,80
LK-4121105,384,312,72
LK-4121110,423,318,105
LK-4121115,398,333,65
LK-4121120,343,304,39
LK-4121125,224,181,43
LK-4121130,220,176,44
LK-4121135,334,294,40
LK-4121140,332,281,51
LK-4121145,332,283,49
LK-4121150,395,337,58
LK-4121155,363,317,46
LK-4121160,363,320,43
LK-4121165,422,358,64
LK-4121170,185,166,19
LK-4121175,55,55,0
LK-4124,3930,3375,555
LK-4124005,275,235,40
LK-4124010,428,335,93
LK-4124015,212,158,54
LK-4124020,198,122,76
LK-4124025,205,162,43
LK-4124035,127,91,36
LK-4124040,50,27,23
LK-4124045,271,266,5
LK-4124050,133,117,16
LK-4124055,304,264,40
LK-4124060,312,273,39
LK-4124065,506,445,61
LK-4124070,287,284,3
LK-4124075,210,202,8
LK-4124080,293,285,8
LK-4124085,119,109,10
LK-4127,14556,11817,2739
LK-4127005,227,173,54
LK-4127010,231,195,36
LK-4127015,589,502,87
LK-4127020,269,181,88
LK-4127025,141,121,20
LK-4127030,267,241,26
LK-4127035,119,117,2
LK-4127040,199,152,47
LK-4127045,288,209,79
LK-4127050,256,184,72
LK-4127055,612,477,135
LK-4127060,594,547,47
LK-4127065,190,171,19
LK-4127070,385,298,87
LK-4127075,607,502,105
LK-4127080,606,470,136
LK-4127085,490,380,110
LK-4127090,531,465,66
LK-4127095,549,461,88
LK-4127100,402,354,48
LK-4127105,881,706,175
LK-4127110,620,488,132
LK-4127115,389,320,69
LK-4127120,778,591,187
LK-4127125,586,480,106
LK-4127130,291,271,20
LK-4127135,630,448,182
LK-4127140,427,333,94
LK-4127145,522,435,87
LK-4127150,350,316,34
LK-4127155,557,419,138
LK-4127160,282,231,51
LK-4127165,156,132,24
LK-4127170,168,144,24
LK-4127175,367,303,64
LK-4130,18278,16016,2262
LK-4130005,177,149,28
LK-4130010,441,404,37
LK-4130015,250,241,9
LK-4130020,367,328,39
LK-4130025,198,185,13
LK-4130030,343,310,33
LK-4130035,534,483,51
LK-4130040,286,233,53
LK-4130045,179,137,42
LK-4130050,232,209,23
LK-4130055,338,270,68
LK-4130060,118,112,6
LK-4130065,272,236,36
LK-4130070,626,548,78
LK-4130075,496,429,67
LK-4130080,248,225,23
LK-4130085,296,294,2
LK-4130090,505,459,46
LK-4130095,318,281,37
LK-4130100,167,167,0
LK-4130105,500,446,54
LK-4130110,203,180,23
LK-4130115,276,230,46
LK-4130120,183,156,27
LK-4130125,323,271,52
LK-4130130,311,268,43
LK-4130135,300,246,54
LK-4130140,408,379,29
LK-4130145,410,342,68
LK-4130150,228,208,20
LK-4130155,561,482,79
LK-4130160,501,464,37
LK-4130165,325,289,36
LK-4130170,436,386,50
LK-4130175,359,321,38
LK-4130180,191,168,23
LK-4130185,422,371,51
LK-4130190,236,236,0
LK-4130195,360,302,58
LK-4130200,449,418,31
LK-4130205,356,356,0
LK-4130210,281,224,57
LK-4130215,141,88,53
LK-4130220,182,152,30
LK-4130225,401,314,87
LK-4130230,127,86,41
LK-4130235,265,190,75
LK-4130240,312,272,40
LK-4130245,200,153,47
LK-4130250,215,191,24
LK-4130255,178,160,18
LK-4130260,296,238,58
LK-4130265,125,90,35
LK-4130270,333,286,47
LK-4130275,278,265,13
LK-4130280,332,314,18
LK-4130285,270,232,38
LK-4130290,320,289,31
LK-4130295,194,162,32
LK-4130300,99,91,8
LK-4133,17637,16067,1570
LK-4133005,381,356,25
LK-4133010,301,278,23
LK-4133015,468,421,47
LK-4133020,435,390,45
LK-4133025,330,287,43
LK-4133030,250,213,37
LK-4133035,406,406,0
LK-4133040,301,262,39
LK-4133045,424,404,20
LK-4133050,488,439,49
LK-4133055,657,604,53
LK-4133060,580,522,58
LK-4133065,361,345,16
LK-4133070,492,438,54
LK-4133075,528,498,30
LK-4133080,343,306,37
LK-4133085,353,304,49
LK-4133090,452,405,47
LK-4133095,173,152,21
LK-4133100,438,384,54
LK-4133105,912,839,73
LK-4133110,707,620,87
LK-4133115,227,215,12
LK-4133120,335,302,33
LK-4133125,458,403,55
LK-4133130,804,766,38
LK-4133135,518,477,41
LK-4133140,492,459,33
LK-4133145,276,265,11
LK-4133150,511,465,46
LK-4133155,583,510,73
LK-4133160,424,386,38
LK-4133165,483,441,42
LK-4133170,559,508,51
LK-4133175,375,339,36
LK-4133180,240,214,26
LK-4133185,291,290,1
LK-4133190,494,428,66
LK-4133195,364,340,24
LK-4133200,423,386,37
LK-4136,11993,10486,1507
LK-4136005,240,163,77
LK-4136010,745,646,99
LK-4136015,136,128,8
LK-4136020,266,239,27
LK-4136025,269,243,26
LK-4136030,723,636,87
LK-4136035,350,324,26
LK-4136040,870,792,78
LK-4136045,658,610,48
LK-4136050,443,383,60
LK-4136055,385,345,40
LK-4136060,212,164,48
LK-4136065,571,466,105
LK-4136070,456,414,42
LK-4136075,441,405,36
LK-4136080,437,375,62
LK-4136085,431,377,54
LK-4136090,551,450,101
LK-4136095,347,280,67
LK-4136100,336,289,47
LK-4136105,458,384,74
LK-4136110,447,389,58
LK-4136115,408,367,41
LK-4136120,424,372,52
LK-4136125,496,455,41
LK-4136130,265,224,41
LK-4136135,355,318,37
LK-4136140,273,248,25
LK-4139,5854,3879,1975
LK-4139005,108,73,35
LK-4139010,122,107,15
LK-4139015,236,181,55
LK-4139020,476,390,86
LK-4139025,212,135,77
LK-4139030,212,99,113
LK-4139035,148,103,45
LK-4139040,242,225,17
LK-4139045,110,76,34
LK-4139050,176,126,50
LK-4139055,325,253,72
LK-4139060,117,80,37
LK-4139065,270,215,55
LK-4139070,145,88,57
LK-4139075,188,125,63
LK-4139080,99,54,45
LK-4139085,96,65,31
LK-4139090,90,25,65
LK-4139095,280,96,184
LK-4139100,340,218,122
LK-4139105,133,77,56
LK-4139110,185,121,64
LK-4139115,92,48,44
LK-4139120,51,51,0
LK-4139125,148,68,80
LK-4139130,159,47,112
LK-4139135,212,95,117
LK-4139140,304,229,75
LK-4139145,257,171,86
LK-4139150,321,238,83
LK-4142,1279,921,358
LK-4142005,243,166,77
LK-4142010,179,108,71
LK-4142015,267,201,66
LK-4142020,201,163,38
LK-4142025,206,152,54
LK-4142030,183,131,52
LK-42,27690,23338,4352
LK-4203,12886,11282,1604
LK-4203005,254,225,29
LK-4203010,21,18,3
LK-4203015,369,294,75
LK-4203020,192,165,27
LK-4203025,142,124,18
LK-4203030,90,81,9
LK-4203035,386,274,112
LK-4203040,604,545,59
LK-4203045,284,267,17
LK-4203050,284,265,19
LK-4203055,492,415,77
LK-4203060,214,177,37
LK-4203065,183,157,26
LK-4203070,427,363,64
LK-4203075,130,130,0
LK-4203080,102,93,9
LK-4203085,220,167,53
LK-4203090,111,82,29
LK-4203095,136,114,22
LK-4203100,337,307,30
LK-4203105,517,451,66
LK-4203110,610,472,138
LK-4203115,92,70,22
LK-4203120,173,155,18
LK-4203125,475,434,41
LK-4203130,536,498,38
LK-4203135,363,338,25
LK-4203140,933,821,112
LK-4203145,531,489,42
LK-4203150,431,405,26
LK-4203155,309,270,39
LK-4203160,480,429,51
LK-4203165,318,278,40
LK-4203170,223,203,20
LK-4203175,169,164,5
LK-4203180,162,151,11
LK-4203185,333,317,16
LK-4203190,176,159,17
LK-4203195,9,5,4
LK-4203200,117,76,41
LK-4203205,60,54,6
LK-4203210,32,24,8
LK-4203215,97,90,7
LK-4203220,109,100,9
LK-4203225,8,8,0
LK-4203230,121,98,23
LK-4203235,231,202,29
LK-4203240,74,67,7
LK-4203245,219,191,28
LK-4206,4650,3753,897
LK-4206005,185,181,4
LK-4206010,223,134,89
LK-4206015,365,272,93
LK-4206020,133,127,6
LK-4206025,159,147,12
LK-4206030,77,65,12
LK-4206035,49,22,27
LK-4206040,107,53,54
LK-4206045,119,82,37
LK-4206050,120,66,54
LK-4206055,169,151,18
LK-4206060,131,125,6
LK-4206065,88,76,12
LK-4206070,103,85,18
LK-4206075,114,99,15
LK-4206080,28,21,7
LK-4206085,32,31,1
LK-4206090,87,75,12
LK-4206095,75,64,11
LK-4206100,29,22,7
LK-4206105,259,162,97
LK-4206110,42,42,0
LK-4206115,98,87,11
LK-4206120,60,59,1
LK-4206125,111,92,19
LK-4206130,122,98,24
LK-4206135,111,99,12
LK-4206140,211,172,39
LK-4206145,72,70,2
LK-4206150,95,75,20
LK-4206155,236,170,66
LK-4206160,145,128,17
LK-4206165,155,142,13
LK-4206170,200,164,36
LK-4206175,94,87,7
LK-4206180,246,208,38
LK-4209,2665,2031,634
LK-4209005,235,216,19
LK-4209010,31,31,0
LK-4209015,125,119,6
LK-4209020,94,71,23
LK-4209025,78,72,6
LK-4209030,152,87,65
LK-4209035,90,70,20
LK-4209040,266,245,21
LK-4209045,164,164,0
LK-4209050,154,139,15
LK-4209055,437,124,313
LK-4209060,409,358,51
LK-4209065,144,88,56
LK-4209070,14,13,1
LK-4209075,52,47,5
LK-4209080,72,55,17
LK-4209085,148,132,16
LK-4212,4813,4252,561
LK-4212005,181,158,23
LK-4212010,162,151,11
LK-4212015,364,326,38
LK-4212020,276,225,51
LK-4212025,234,215,19
LK-4212030,130,121,9
LK-4212035,138,122,16
LK-4212040,64,56,8
LK-4212045,132,118,14
LK-4212050,108,98,10
LK-4212055,18,15,3
LK-4212060,137,119,18
LK-4212065,270,247,23
LK-4212070,64,57,7
LK-4212075,61,41,20
LK-4212080,92,80,12
LK-4212085,117,108,9
LK-4212090,61,58,3
LK-4212095,108,92,16
LK-4212100,106,96,10
LK-4212105,132,126,6
LK-4212110,124,105,19
LK-4212115,141,124,17
LK-4212120,149,122,27
LK-4212125,529,433,96
LK-4212130,123,119,4
LK-4212135,105,95,10
LK-4212140,214,196,18
LK-4212145,150,137,13
LK-4212150,232,206,26
LK-4212155,91,86,5
LK-4215,2676,2020,656
LK-4215005,277,225,52
LK-4215010,214,167,47
LK-4215015,45,30,15
LK-4215020,103,79,24
LK-4215025,115,100,15
LK-4215030,71,63,8
LK-4215035,94,65,29
LK-4215040,188,91,97
LK-4215045,158,132,26
LK-4215050,142,134,8
LK-4215055,51,36,15
LK-4215060,185,154,31
LK-4215065,139,75,64
LK-4215070,257,214,43
LK-4215075,187,138,49
LK-4215080,104,101,3
LK-4215085,128,85,43
LK-4215090,134,91,43
LK-4215095,22,18,4
LK-4215100,62,22,40
LK-43,47680,41436,6244
LK-4303,3112,2897,215
LK-4303005,17,17,0
LK-4303010,10,10,0
LK-4303015,47,37,10
LK-4303020,99,99,0
LK-4303025,141,135,6
LK-4303030,200,197,3
LK-4303035,199,147,52
LK-4303040,240,235,5
LK-4303045,152,150,2
LK-4303050,144,134,10
LK-4303055,148,148,0
LK-4303060,194,192,2
LK-4303065,64,58,6
LK-4303070,151,138,13
LK-4303075,167,167,0
LK-4303080,233,215,18
LK-4303085,230,205,25
LK-4303090,347,305,42
LK-4303095,207,189,18
LK-4303100,122,119,3
LK-4306,4342,3684,658
LK-4306005,260,240,20
LK-4306010,78,54,24
LK-4306015,78,47,31
LK-4306020,212,194,18
LK-4306025,136,87,49
LK-4306030,84,53,31
LK-4306035,163,139,24
LK-4306040,275,250,25
LK-4306045,330,305,25
LK-4306050,270,208,62
LK-4306055,215,167,48
LK-4306060,392,332,60
LK-4306065,202,202,0
LK-4306070,247,227,20
LK-4306075,213,205,8
LK-4306080,180,158,22
LK-4306085,230,222,8
LK-4306090,272,217,55
LK-4306095,234,154,80
LK-4306100,271,223,48
LK-4309,32169,27730,4439
LK-4309005,297,294,3
LK-4309010,201,162,39
LK-4309015,158,130,28
LK-4309020,104,86,18
LK-4309025,127,96,31
LK-4309030,113,86,27
LK-4309035,97,84,13
LK-4309040,201,169,32
LK-4309045,109,59,50
LK-4309050,32,25,7
LK-4309055,360,319,41
LK-4309060,231,223,8
LK-4309065,250,229,21
LK-4309070,1221,1053,168
LK-4309075,1162,971,191
LK-4309080,1679,1488,191
LK-4309085,945,810,135
LK-4309090,1573,1337,236
LK-4309095,1632,1396,236
LK-4309100,1121,921,200
LK-4309105,244,221,23
LK-4309110,284,217,67
LK-4309115,777,702,75
LK-4309120,1165,1051,114
LK-4309125,482,449,33
LK-4309130,523,452,71
LK-4309135,750,671,79
LK-4309140,566,475,91
LK-4309145,706,624,82
LK-4309150,1250,1071,179
LK-4309155,621,551,70
LK-4309160,632,548,84
LK-4309165,549,499,50
LK-4309170,978,836,142
LK-4309175,2370,2080,290
LK-4309180,1083,850,233
LK-4309185,1551,1423,128
LK-4309190,955,829,126
LK-4309195,1681,1337,344
LK-4309200,1827,1580,247
LK-4309205,1281,1092,189
LK-4309210,281,234,47
LK-4312,8057,7125,932
LK-4312005,2578,2544,34
LK-4312010,185,134,51
LK-4312015,173,145,28
LK-4312020,80,56,24
LK-4312025,94,80,14
LK-4312030,503,466,37
LK-4312035,292,245,47
LK-4312040,280,259,21
LK-4312045,296,225,71
LK-4312050,231,170,61
LK-4312055,342,295,47
LK-4312060,486,388,98
LK-4312065,565,453,112
LK-4312070,601,511,90
LK-4312075,649,536,113
LK-4312080,148,127,21
LK-4312085,204,184,20
LK-4312090,82,82,0
LK-4312095,71,59,12
LK-4312100,197,166,31
LK-44,28585,24684,3901
LK-4403,2660,2490,170
LK-4403005,158,122,36
LK-4403010,93,85,8
LK-4403015,89,74,15
LK-4403020,390,389,1
LK-4403025,141,133,8
LK-4403030,150,150,0
LK-4403035,171,144,27
LK-4403040,83,82,1
LK-4403045,205,198,7
LK-4403050,33,33,0
LK-4403055,109,109,0
LK-4403060,56,56,0
LK-4403065,106,105,1
LK-4403070,191,190,1
LK-4403075,121,121,0
LK-4403080,146,134,12
LK-4403085,60,59,1
LK-4403090,145,132,13
LK-4403095,106,85,21
LK-4403100,107,89,18
LK-4406,1954,1751,203
LK-4406005,165,153,12
LK-4406010,135,100,35
LK-4406015,108,100,8
LK-4406020,158,154,4
LK-4406025,113,108,5
LK-4406030,127,124,3
LK-4406035,309,278,31
LK-4406040,222,178,44
LK-4406045,39,35,4
LK-4406050,103,99,4
LK-4406055,177,157,20
LK-4406060,41,39,2
LK-4406065,68,50,18
LK-4406070,103,96,7
LK-4406075,86,80,6
LK-4409,7588,6445,1143
LK-4409010,333,314,19
LK-4409015,1195,1074,121
LK-4409025,354,279,75
LK-4409030,226,182,44
LK-4409045,190,175,15
LK-4409055,763,626,137
LK-4409060,288,278,10
LK-4409065,853,621,232
LK-4409070,636,530,106
LK-4409075,954,813,141
LK-4409080,464,415,49
LK-4409085,297,258,39
LK-4409090,398,330,68
LK-4409095,637,550,87
LK-4412,4725,4053,672
LK-4412005,112,108,4
LK-4412010,75,47,28
LK-4412015,290,272,18
LK-4412020,95,91,4
LK-4412025,93,85,8
LK-4412030,239,223,16
LK-4412035,205,188,17
LK-4412040,160,106,54
LK-4412045,129,122,7
LK-4412050,461,400,61
LK-4412055,328,297,31
LK-4412060,257,193,64
LK-4412065,292,262,30
LK-4412070,146,129,17
LK-4412075,33,33,0
LK-4412080,321,269,52
LK-4412085,125,112,13
LK-4412090,111,100,11
LK-4412095,99,85,14
LK-4412100,70,62,8
LK-4412105,14,11,3
LK-4412110,104,99,5
LK-4412115,244,124,120
LK-4412120,110,90,20
LK-4412125,225,186,39
LK-4412130,201,177,24
LK-4412135,186,182,4
LK-4415,8904,7677,1227
LK-4415005,156,129,27
LK-4415010,251,232,19
LK-4415020,318,264,54
LK-4415025,75,46,29
LK-4415030,414,362,52
LK-4415035,134,116,18
LK-4415040,259,171,88
LK-4415045,136,124,12
LK-4415050,384,360,24
LK-4415055,164,137,27
LK-4415060,186,161,25
LK-4415065,155,154,1
LK-4415070,95,94,1
LK-4415075,180,123,57
LK-4415080,238,176,62
LK-4415085,29,28,1
LK-4415090,33,33,0
LK-4415095,25,25,0
LK-4415100,66,61,5
LK-4415105,264,245,19
LK-4415110,218,194,24
LK-4415115,202,200,2
LK-4415120,160,127,33
LK-4415125,332,275,57
LK-4415130,82,73,9
LK-4415135,196,166,30
LK-4415140,187,175,12
LK-4415145,49,47,2
LK-4415150,200,162,38
LK-4415160,127,102,25
LK-4415165,394,363,31
LK-4415170,291,257,34
LK-4415175,119,119,0
LK-4415180,548,411,137
LK-4415185,205,172,33
LK-4415190,121,112,9
LK-4415195,202,164,38
LK-4415200,410,386,24
LK-4415205,73,73,0
LK-4415210,48,34,14
LK-4415215,229,212,17
LK-4415220,357,318,39
LK-4415225,120,93,27
LK-4415230,472,401,71
LK-4418,2754,2268,486
LK-4418005,162,122,40
LK-4418010,224,189,35
LK-4418015,524,441,83
LK-4418020,340,291,49
LK-4418025,303,237,66
LK-4418030,109,77,32
LK-4418035,418,344,74
LK-4418040,364,299,65
LK-4418045,310,268,42
LK-45,31595,28208,3387
LK-4503,2474,2202,272
LK-4503005,56,56,0
LK-4503010,100,100,0
LK-4503020,158,148,10
LK-4503025,91,76,15
LK-4503030,137,124,13
LK-4503035,175,152,23
LK-4503040,129,121,8
LK-4503050,162,150,12
LK-4503055,165,152,13
LK-4503060,199,161,38
LK-4503065,225,184,41
LK-4503070,134,116,18
LK-4503075,224,191,33
LK-4503080,313,300,13
LK-4503085,206,171,35
LK-4506,6846,5972,874
LK-4506010,667,576,91
LK-4506015,349,299,50
LK-4506020,356,345,11
LK-4506025,295,271,24
LK-4506030,214,191,23
LK-4506035,619,580,39
LK-4506040,316,309,7
LK-4506045,601,551,50
LK-4506050,341,282,59
LK-4506055,1766,1430,336
LK-4506060,117,74,43
LK-4506065,478,429,49
LK-4506070,299,261,38
LK-4506075,214,187,27
LK-4506080,214,187,27
LK-4509,17038,15214,1824
LK-4509005,543,507,36
LK-4509010,631,565,66
LK-4509015,733,707,26
LK-4509020,297,279,18
LK-4509025,536,475,61
LK-4509030,230,184,46
LK-4509035,485,414,71
LK-4509040,341,315,26
LK-4509045,249,234,15
LK-4509050,200,155,45
LK-4509055,255,233,22
LK-4509060,318,300,18
LK-4509065,873,721,152
LK-4509070,549,531,18
LK-4509075,401,381,20
LK-4509080,315,310,5
LK-4509085,395,352,43
LK-4509090,724,579,145
LK-4509095,221,200,21
LK-4509100,592,563,29
LK-4509105,279,263,16
LK-4509110,379,276,103
LK-4509115,357,335,22
LK-4509120,563,498,65
LK-4509125,299,264,35
LK-4509130,570,549,21
LK-4509135,268,248,20
LK-4509140,706,557,149
LK-4509145,350,295,55
LK-4509150,223,187,36
LK-4509155,254,238,16
LK-4509160,203,160,43
LK-4509165,203,175,28
LK-4509170,332,299,33
LK-4509175,359,347,12
LK-4509180,300,253,47
LK-4509185,450,425,25
LK-4509190,535,488,47
LK-4509195,344,311,33
LK-4509200,445,372,73
LK-4509205,307,302,5
LK-4509210,424,367,57
LK-4512,5237,4820,417
LK-4512005,74,65,9
LK-4512010,126,115,11
LK-4512015,163,154,9
LK-4512025,181,155,26
LK-4512030,167,147,20
LK-4512035,420,405,15
LK-4512040,404,368,36
LK-4512045,238,213,25
LK-4512050,92,88,4
LK-4512055,147,127,20
LK-4512060,192,183,9
LK-4512065,808,764,44
LK-4512070,437,381,56
LK-4512075,454,414,40
LK-4512080,266,239,27
LK-4512085,586,543,43
LK-4512090,141,132,9
LK-4512095,341,327,14
LK-5,453711,392358,61353
LK-51,154302,133436,20866
LK-5103,7182,5979,1203
LK-5103005,725,607,118
LK-5103010,565,499,66
LK-5103015,507,366,141
LK-5103020,563,507,56
LK-5103025,682,572,110
LK-5103030,634,546,88
LK-5103035,209,172,37
LK-5103040,109,83,26
LK-5103045,650,558,92
LK-5103050,187,176,11
LK-5103055,828,613,215
LK-5103060,424,371,53
LK-5103065,114,87,27
LK-5103070,258,204,54
LK-5103075,328,273,55
LK-5103080,399,345,54
LK-5104,7803,6818,985
LK-5104005,595,470,125
LK-5104010,892,653,239
LK-5104015,570,500,70
LK-5104020,658,606,52
LK-5104025,780,703,77
LK-5104030,867,794,73
LK-5104035,1335,1219,116
LK-5104040,845,769,76
LK-5104045,1261,1104,157
LK-5106,6668,5998,670
LK-5106005,1186,996,190
LK-5106010,940,865,75
LK-5106015,663,599,64
LK-5106020,620,569,51
LK-5106025,772,689,83
LK-5106030,767,739,28
LK-5106035,942,868,74
LK-5106040,778,673,105
LK-5109,7336,6119,1217
LK-5109005,339,277,62
LK-5109010,378,336,42
LK-5109015,584,520,64
LK-5109020,908,747,161
LK-5109025,812,643,169
LK-5109030,1243,1042,201
LK-5109035,747,587,160
LK-5109040,287,196,91
LK-5109045,546,459,87
LK-5109050,671,603,68
LK-5109055,573,501,72
LK-5109060,248,208,40
LK-5110,7771,6733,1038
LK-5110005,99,98,1
LK-5110010,495,420,75
LK-5110015,238,230,8
LK-5110020,138,124,14
LK-5110030,130,108,22
LK-5110035,342,240,102
LK-5110040,289,264,25
LK-5110045,344,284,60
LK-5110050,1050,944,106
LK-5110055,434,389,45
LK-5110060,627,512,115
LK-5110065,939,813,126
LK-5110070,707,617,90
LK-5110075,604,553,51
LK-5110080,551,487,64
LK-5110085,406,342,64
LK-5110090,378,308,70
LK-5112,21841,18929,2912
LK-5112005,749,674,75
LK-5112010,238,225,13
LK-5112015,617,471,146
LK-5112020,839,702,137
LK-5112025,596,508,88
LK-5112030,851,772,79
LK-5112035,718,641,77
LK-5112040,537,460,77
LK-5112045,418,375,43
LK-5112050,851,684,167
LK-5112055,397,345,52
LK-5112060,392,326,66
LK-5112065,892,798,94
LK-5112070,965,863,102
LK-5112075,374,337,37
LK-5112080,122,63,59
LK-5112085,354,311,43
LK-5112090,262,222,40
LK-5112095,426,417,9
LK-5112100,434,412,22
LK-5112105,705,652,53
LK-5112110,663,595,68
LK-5112115,1078,945,133
LK-5112120,1507,1320,187
LK-5112125,382,321,61
LK-5112130,467,368,99
LK-5112135,915,719,196
LK-5112140,590,511,79
LK-5112145,491,421,70
LK-5112150,570,506,64
LK-5112155,508,477,31
LK-5112160,777,647,130
LK-5112165,428,378,50
LK-5112170,385,331,54
LK-5112175,391,323,68
LK-5112180,200,171,29
LK-5112185,236,184,52
LK-5112190,111,94,17
LK-5112195,405,360,45
LK-5115,6564,5941,623
LK-5115005,300,255,45
LK-5115010,212,186,26
LK-5115015,765,689,76
LK-5115020,814,766,48
LK-5115025,429,402,27
LK-5115030,257,243,14
LK-5115035,625,554,71
LK-5115040,462,412,50
LK-5115045,436,409,27
LK-5115050,352,312,40
LK-5115055,437,397,40
LK-5115060,411,369,42
LK-5115065,329,302,27
LK-5115070,333,290,43
LK-5115075,402,355,47
LK-5118,23807,21017,2790
LK-5118005,304,245,59
LK-5118010,156,103,53
LK-5118015,664,595,69
LK-5118020,556,509,47
LK-5118025,905,822,83
LK-5118030,547,434,113
LK-5118035,415,345,70
LK-5118040,709,608,101
LK-5118045,1224,1056,168
LK-5118050,303,271,32
LK-5118055,778,718,60
LK-5118060,499,464,35
LK-5118065,238,238,0
LK-5118070,303,288,15
LK-5118075,479,382,97
LK-5118080,1044,936,108
LK-5118085,110,88,22
LK-5118090,340,307,33
LK-5118095,355,350,5
LK-5118100,264,247,17
LK-5118105,654,604,50
LK-5118110,315,290,25
LK-5118115,412,376,36
LK-5118120,159,148,11
LK-5118125,416,389,27
LK-5118130,808,686,122
LK-5118135,359,311,48
LK-5118140,391,357,34
LK-5118145,338,308,30
LK-5118150,694,589,105
LK-5118155,630,559,71
LK-5118160,885,777,108
LK-5118165,492,425,67
LK-5118170,393,370,23
LK-5118175,265,253,12
LK-5118180,359,313,46
LK-5118185,681,600,81
LK-5118190,370,332,38
LK-5118195,485,450,35
LK-5118200,275,253,22
LK-5118205,227,203,24
LK-5118210,289,279,10
LK-5118215,1196,934,262
LK-5118220,373,330,43
LK-5118225,845,695,150
LK-5118230,245,212,33
LK-5118235,183,177,6
LK-5118240,875,791,84
LK-5121,8482,7312,1170
LK-5121005,285,236,49
LK-5121010,491,433,58
LK-5121015,561,487,74
LK-5121020,456,428,28
LK-5121025,461,410,51
LK-5121030,309,278,31
LK-5121035,158,135,23
LK-5121040,264,219,45
LK-5121045,270,209,61
LK-5121050,586,486,100
LK-5121055,223,198,25
LK-5121060,460,404,56
LK-5121065,341,288,53
LK-5121070,310,261,49
LK-5121075,303,275,28
LK-5121080,218,190,28
LK-5121085,272,234,38
LK-5121090,521,456,65
LK-5121095,138,131,7
LK-5121100,265,234,31
LK-5121105,219,201,18
LK-5121110,353,303,50
LK-5121115,302,252,50
LK-5121120,716,564,152
LK-5124,12548,10839,1709
LK-5124005,337,312,25
LK-5124010,568,501,67
LK-5124015,626,553,73
LK-5124020,760,641,119
LK-5124025,1564,1314,250
LK-5124030,1444,1276,168
LK-5124035,409,328,81
LK-5124040,425,361,64
LK-5124045,286,264,22
LK-5124050,383,344,39
LK-5124055,323,291,32
LK-5124060,802,681,121
LK-5124065,616,560,56
LK-5124070,1754,1470,284
LK-5124075,819,702,117
LK-5124080,568,489,79
LK-5124085,599,525,74
LK-5124090,265,227,38
LK-5127,9894,8001,1893
LK-5127005,416,383,33
LK-5127010,371,319,52
LK-5127015,367,322,45
LK-5127020,244,234,10
LK-5127025,385,304,81
LK-5127030,327,264,63
LK-5127035,554,412,142
LK-5127040,936,691,245
LK-5127045,381,322,59
LK-5127050,359,284,75
LK-5127055,356,269,87
LK-5127060,309,254,55
LK-5127065,300,255,45
LK-5127070,223,155,68
LK-5127075,452,384,68
LK-5127080,181,160,21
LK-5127085,280,238,42
LK-5127090,239,185,54
LK-5127095,313,269,44
LK-5127100,159,134,25
LK-5127105,133,107,26
LK-5127110,425,312,113
LK-5127115,801,593,208
LK-5127120,818,640,178
LK-5127125,169,152,17
LK-5127130,210,200,10
LK-5127135,186,159,27
LK-5130,7110,6155,955
LK-5130005,283,240,43
LK-5130010,372,307,65
LK-5130015,236,179,57
LK-5130020,307,283,24
LK-5130025,212,185,27
LK-5130030,261,195,66
LK-5130035,489,463,26
LK-5130040,548,503,45
LK-5130045,318,240,78
LK-5130050,410,379,31
LK-5130055,340,333,7
LK-5130060,268,236,32
LK-5130065,225,172,53
LK-5130070,228,199,29
LK-5130075,340,293,47
LK-5130080,428,373,55
LK-5130085,178,159,19
LK-5130090,324,294,30
LK-5130095,222,199,23
LK-5130100,198,168,30
LK-5130105,195,154,41
LK-5130110,285,214,71
LK-5130115,344,303,41
LK-5130120,99,84,15
LK-5133,11048,9430,1618
LK-5133005,328,250,78
LK-5133010,405,358,47
LK-5133015,228,190,38
LK-5133020,183,163,20
LK-5133025,213,187,26
LK-5133030,336,309,27
LK-5133035,233,201,32
LK-5133040,133,116,17
LK-5133045,211,190,21
LK-5133050,323,291,32
LK-5133055,194,173,21
LK-5133060,147,128,19
LK-5133065,167,143,24
LK-5133070,458,364,94
LK-5133075,130,101,29
LK-5133080,119,112,7
LK-5133085,197,184,13
LK-5133090,205,158,47
LK-5133095,182,143,39
LK-5133100,323,256,67
LK-5133105,184,160,24
LK-5133110,333,287,46
LK-5133115,286,246,40
LK-5133120,457,353,104
LK-5133125,221,187,34
LK-5133130,249,197,52
LK-5133135,238,231,7
LK-5133140,268,227,41
LK-5133145,271,233,38
LK-5133150,273,231,42
LK-5133155,206,170,36
LK-5133160,522,459,63
LK-5133165,374,337,37
LK-5133170,339,278,61
LK-5133175,427,368,59
LK-5133180,243,197,46
LK-5133185,287,269,18
LK-5133190,184,159,25
LK-5133195,157,144,13
LK-5133200,333,273,60
LK-5133205,119,99,20
LK-5133210,213,168,45
LK-5133215,149,140,9
LK-5136,16248,14165,2083
LK-5136005,348,256,92
LK-5136010,177,177,0
LK-5136015,511,465,46
LK-5136020,470,453,17
LK-5136025,470,445,25
LK-5136030,287,264,23
LK-5136035,171,160,11
LK-5136040,285,260,25
LK-5136045,253,228,25
LK-5136050,455,397,58
LK-5136055,299,277,22
LK-5136060,304,288,16
LK-5136065,297,272,25
LK-5136070,464,432,32
LK-5136075,405,364,41
LK-5136080,484,408,76
LK-5136085,301,272,29
LK-5136090,286,213,73
LK-5136095,386,345,41
LK-5136100,925,772,153
LK-5136105,570,462,108
LK-5136110,618,512,106
LK-5136115,458,437,21
LK-5136120,297,269,28
LK-5136125,223,202,21
LK-5136130,314,271,43
LK-5136135,385,342,43
LK-5136140,372,297,75
LK-5136145,520,434,86
LK-5136150,307,238,69
LK-5136155,455,386,69
LK-5136160,314,254,60
LK-5136165,241,201,40
LK-5136170,291,249,42
LK-5136175,262,233,29
LK-5136180,302,266,36
LK-5136185,327,276,51
LK-5136190,377,312,65
LK-5136195,298,270,28
LK-5136200,348,267,81
LK-5136205,221,194,27
LK-5136210,346,310,36
LK-5136215,220,214,6
LK-5136220,234,200,34
LK-5136225,370,321,49
LK-52,186773,163243,23530
LK-5203,17959,15825,2134
LK-5203005,1238,1065,173
LK-5203010,1216,1104,112
LK-5203015,2320,1974,346
LK-5203020,3235,2884,351
LK-5203025,1212,1091,121
LK-5203030,1137,992,145
LK-5203035,1225,1107,118
LK-5203040,1004,886,118
LK-5203045,1438,1251,187
LK-5203050,1459,1249,210
LK-5203055,869,749,120
LK-5203060,889,808,81
LK-5203065,717,665,52
LK-5206,5384,4834,550
LK-5206005,335,287,48
LK-5206010,218,200,18
LK-5206015,274,246,28
LK-5206020,315,283,32
LK-5206025,152,140,12
LK-5206030,285,253,32
LK-5206035,394,354,40
LK-5206040,444,376,68
LK-5206045,239,212,27
LK-5206050,269,247,22
LK-5206055,236,213,23
LK-5206060,321,290,31
LK-5206065,173,156,17
LK-5206070,266,235,31
LK-5206075,322,287,35
LK-5206080,234,224,10
LK-5206085,218,199,19
LK-5206090,219,196,23
LK-5206095,206,205,1
LK-5206100,264,231,33
LK-5209,5909,5370,539
LK-5209005,103,77,26
LK-5209010,219,213,6
LK-5209015,161,160,1
LK-5209020,172,158,14
LK-5209025,500,447,53
LK-5209030,290,256,34
LK-5209035,403,343,60
LK-5209040,254,239,15
LK-5209045,490,443,47
LK-5209050,275,247,28
LK-5209055,421,390,31
LK-5209060,479,442,37
LK-5209065,465,424,41
LK-5209070,406,374,32
LK-5209075,321,320,1
LK-5209080,533,485,48
LK-5209085,417,352,65
LK-5212,16503,14939,1564
LK-5212005,139,136,3
LK-5212010,235,203,32
LK-5212015,247,206,41
LK-5212020,145,113,32
LK-5212025,328,303,25
LK-5212030,524,490,34
LK-5212035,423,390,33
LK-5212040,220,199,21
LK-5212045,205,171,34
LK-5212050,184,163,21
LK-5212055,677,605,72
LK-5212060,408,361,47
LK-5212065,367,330,37
LK-5212070,182,160,22
LK-5212075,185,169,16
LK-5212080,148,135,13
LK-5212085,577,533,44
LK-5212090,731,638,93
LK-5212095,296,280,16
LK-5212100,205,188,17
LK-5212105,363,310,53
LK-5212110,125,117,8
LK-5212115,118,118,0
LK-5212120,320,294,26
LK-5212125,173,161,12
LK-5212130,149,131,18
LK-5212135,158,152,6
LK-5212140,77,55,22
LK-5212145,68,55,13
LK-5212150,282,282,0
LK-5212155,284,266,18
LK-5212160,178,164,14
LK-5212165,322,282,40
LK-5212170,597,541,56
LK-5212175,492,443,49
LK-5212180,168,151,17
LK-5212185,391,369,22
LK-5212190,418,358,60
LK-5212195,665,611,54
LK-5212200,486,416,70
LK-5212205,244,238,6
LK-5212210,323,285,38
LK-5212215,343,296,47
LK-5212220,236,207,29
LK-5212225,252,233,19
LK-5212230,337,325,12
LK-5212235,179,163,16
LK-5212240,159,152,7
LK-5212245,181,170,11
LK-5212250,236,204,32
LK-5212255,228,213,15
LK-5212260,198,189,9
LK-5212265,533,474,59
LK-5212270,577,540,37
LK-5212275,217,201,16
LK-5215,12394,10940,1454
LK-5215005,831,737,94
LK-5215010,442,377,65
LK-5215015,878,774,104
LK-5215020,399,356,43
LK-5215025,617,542,75
LK-5215030,1168,970,198
LK-5215035,866,795,71
LK-5215040,894,771,123
LK-5215045,422,356,66
LK-5215050,584,523,61
LK-5215055,572,486,86
LK-5215060,355,320,35
LK-5215065,393,362,31
LK-5215070,439,394,45
LK-5215075,424,395,29
LK-5215080,436,401,35
LK-5215085,423,374,49
LK-5215090,402,354,48
LK-5215095,608,535,73
LK-5215100,347,316,31
LK-5215105,517,467,50
LK-5215110,377,335,42
LK-5216,5771,4768,1003
LK-5216005,263,235,28
LK-5216010,222,194,28
LK-5216015,290,235,55
LK-5216020,281,239,42
LK-5216025,323,285,38
LK-5216030,217,179,38
LK-5216035,270,237,33
LK-5216040,444,367,77
LK-5216045,189,136,53
LK-5216050,492,396,96
LK-5216055,161,134,27
LK-5216060,276,231,45
LK-5216065,380,305,75
LK-5216070,179,138,41
LK-5216075,202,171,31
LK-5216080,306,255,51
LK-5216085,163,129,34
LK-5216090,434,372,62
LK-5216095,375,298,77
LK-5216100,304,232,72
LK-5218,16779,14830,1949
LK-5218005,197,122,75
LK-5218010,322,255,67
LK-5218015,138,111,27
LK-5218020,192,174,18
LK-5218025,107,81,26
LK-5218030,182,182,0
LK-5218035,219,219,0
LK-5218040,372,358,14
LK-5218045,199,193,6
LK-5218050,328,328,0
LK-5218055,383,370,13
LK-5218060,292,289,3
LK-5218065,167,123,44
LK-5218070,203,189,14
LK-5218075,386,354,32
LK-5218080,255,210,45
LK-5218085,232,203,29
LK-5218090,315,304,11
LK-5218095,324,313,11
LK-5218100,308,290,18
LK-5218105,350,315,35
LK-5218110,153,140,13
LK-5218115,145,134,11
LK-5218120,143,143,0
LK-5218125,229,175,54
LK-5218130,307,267,40
LK-5218135,426,380,46
LK-5218140,388,338,50
LK-5218145,634,551,83
LK-5218150,303,256,47
LK-5218155,328,297,31
LK-5218160,484,472,12
LK-5218165,470,387,83
LK-5218170,562,491,71
LK-5218175,573,450,123
LK-5218180,709,582,127
LK-5218185,435,339,96
LK-5218190,353,353,0
LK-5218195,455,452,3
LK-5218200,452,431,21
LK-5218205,252,241,11
LK-5218210,304,261,43
LK-5218215,222,104,118
LK-5218220,341,301,40
LK-5218225,585,585,0
LK-5218230,303,267,36
LK-5218235,317,295,22
LK-5218240,268,235,33
LK-5218245,68,65,3
LK-5218250,966,725,241
LK-5218255,133,130,3
LK-5221,8970,7607,1363
LK-5221005,906,536,370
LK-5221010,238,205,33
LK-5221015,463,360,103
LK-5221020,866,752,114
LK-5221025,419,375,44
LK-5221030,278,241,37
LK-5221035,245,219,26
LK-5221040,242,201,41
LK-5221045,206,175,31
LK-5221050,491,444,47
LK-5221055,182,173,9
LK-5221060,306,270,36
LK-5221065,231,206,25
LK-5221070,284,254,30
LK-5221075,124,107,17
LK-5221080,286,226,60
LK-5221085,285,245,40
LK-5221090,263,246,17
LK-5221095,337,309,28
LK-5221100,245,219,26
LK-5221105,263,249,14
LK-5221110,261,226,35
LK-5221115,199,169,30
LK-5221120,279,246,33
LK-5221125,172,149,23
LK-5221130,240,205,35
LK-5221135,369,321,48
LK-5221140,149,145,4
LK-5221145,141,134,7
LK-5224,11694,10342,1352
LK-5224005,523,472,51
LK-5224010,254,235,19
LK-5224015,220,205,15
LK-5224020,285,256,29
LK-5224025,1069,965,104
LK-5224030,526,365,161
LK-5224035,309,296,13
LK-5224040,945,895,50
LK-5224045,267,250,17
LK-5224050,217,209,8
LK-5224055,279,252,27
LK-5224060,243,232,11
LK-5224065,265,251,14
LK-5224070,350,284,66
LK-5224075,688,611,77
LK-5224080,339,305,34
LK-5224085,674,554,120
LK-5224090,338,304,34
LK-5224095,194,161,33
LK-5224100,435,357,78
LK-5224105,265,255,10
LK-5224110,276,239,37
LK-5224115,595,551,44
LK-5224120,367,317,50
LK-5224125,307,259,48
LK-5224130,277,242,35
LK-5224135,257,235,22
LK-5224140,456,383,73
LK-5224145,474,402,72
LK-5225,6964,6032,932
LK-5225005,501,480,21
LK-5225010,486,436,50
LK-5225015,538,474,64
LK-5225020,372,324,48
LK-5225025,305,260,45
LK-5225030,297,256,41
LK-5225035,428,372,56
LK-5225040,352,277,75
LK-5225045,377,345,32
LK-5225050,365,316,49
LK-5225055,510,437,73
LK-5225060,285,239,46
LK-5225065,406,345,61
LK-5225070,452,379,73
LK-5225075,351,294,57
LK-5225080,513,448,65
LK-5225085,426,350,76
LK-5227,5083,4241,842
LK-5227005,361,328,33
LK-5227010,375,339,36
LK-5227015,440,368,72
LK-5227020,368,300,68
LK-5227025,363,319,44
LK-5227030,164,112,52
LK-5227035,179,145,34
LK-5227040,280,253,27
LK-5227045,153,134,19
LK-5227050,216,182,34
LK-5227055,146,97,49
LK-5227060,423,331,92
LK-5227065,337,285,52
LK-5227070,263,216,47
LK-5227075,102,62,40
LK-5227080,341,285,56
LK-5227085,572,485,87
LK-5230,8299,7066,1233
LK-5230005,177,150,27
LK-5230010,414,357,57
LK-5230015,292,253,39
LK-5230020,471,381,90
LK-5230025,353,316,37
LK-5230030,237,210,27
LK-5230035,216,192,24
LK-5230040,280,257,23
LK-5230045,468,421,47
LK-5230050,529,452,77
LK-5230055,270,213,57
LK-5230060,257,239,18
LK-5230065,208,175,33
LK-5230070,596,530,66
LK-5230075,367,315,52
LK-5230080,201,168,33
LK-5230085,152,129,23
LK-5230090,147,135,12
LK-5230095,369,318,51
LK-5230100,462,401,61
LK-5230105,191,163,28
LK-5230110,357,332,25
LK-5230115,652,512,140
LK-5230120,348,240,108
LK-5230125,285,207,78
LK-5233,11276,9823,1453
LK-5233005,374,322,52
LK-5233010,509,315,194
LK-5233015,372,330,42
LK-5233020,294,265,29
LK-5233025,202,174,28
LK-5233030,123,101,22
LK-5233035,464,464,0
LK-5233040,146,101,45
LK-5233045,376,309,67
LK-5233050,380,307,73
LK-5233055,567,451,116
LK-5233060,286,265,21
LK-5233065,446,406,40
LK-5233070,396,333,63
LK-5233075,297,291,6
LK-5233080,342,325,17
LK-5233085,370,370,0
LK-5233090,636,532,104
LK-5233095,557,489,68
LK-5233100,301,265,36
LK-5233105,275,239,36
LK-5233110,244,223,21
LK-5233115,396,321,75
LK-5233120,220,208,12
LK-5233125,248,248,0
LK-5233130,359,331,28
LK-5233135,445,387,58
LK-5233140,483,427,56
LK-5233145,368,332,36
LK-5233150,264,220,44
LK-5233155,280,241,39
LK-5233160,256,231,25
LK-5234,3827,3320,507
LK-5234005,339,241,98
LK-5234010,345,306,39
LK-5234015,402,300,102
LK-5234020,256,230,26
LK-5234025,128,118,10
LK-5234030,190,167,23
LK-5234035,215,195,20
LK-5234040,504,455,49
LK-5234045,388,340,48
LK-5234050,344,307,37
LK-5234055,301,275,26
LK-5234060,415,386,29
LK-5236,11273,9523,1750
LK-5236005,935,262,673
LK-5236010,197,136,61
LK-5236015,438,411,27
LK-5236020,502,462,40
LK-5236025,779,706,73
LK-5236030,343,340,3
LK-5236035,327,298,29
LK-5236040,214,192,22
LK-5236045,241,207,34
LK-5236050,589,543,46
LK-5236055,715,646,69
LK-5236060,393,331,62
LK-5236065,370,318,52
LK-5236070,307,280,27
LK-5236075,444,386,58
LK-5236080,319,279,40
LK-5236085,348,299,49
LK-5236090,307,291,16
LK-5236095,197,192,5
LK-5236100,290,242,48
LK-5236105,314,272,42
LK-5236110,373,325,48
LK-5236115,320,309,11
LK-5236120,451,406,45
LK-5236125,296,262,34
LK-5236130,289,262,27
LK-5236135,667,576,91
LK-5236140,308,290,18
LK-5239,6587,5801,786
LK-5239005,146,124,22
LK-5239010,189,156,33
LK-5239015,195,174,21
LK-5239020,161,142,19
LK-5239025,142,128,14
LK-5239030,169,150,19
LK-5239035,377,338,39
LK-5239040,206,165,41
LK-5239045,304,244,60
LK-5239050,384,341,43
LK-5239055,160,141,19
LK-5239060,216,196,20
LK-5239065,316,287,29
LK-5239070,93,52,41
LK-5239075,470,425,45
LK-5239080,476,450,26
LK-5239085,483,438,45
LK-5239090,451,402,49
LK-5239095,440,387,53
LK-5239100,281,246,35
LK-5239105,232,188,44
LK-5239110,696,627,69
LK-5242,11038,10036,1002
LK-5242005,256,230,26
LK-5242010,580,528,52
LK-5242015,391,362,29
LK-5242020,553,511,42
LK-5242025,149,133,16
LK-5242030,660,660,0
LK-5242035,247,213,34
LK-5242040,422,362,60
LK-5242045,340,313,27
LK-5242050,308,308,0
LK-5242055,188,176,12
LK-5242060,207,204,3
LK-5242065,419,379,40
LK-5242070,513,464,49
LK-5242075,336,305,31
LK-5242080,294,261,33
LK-5242085,280,236,44
LK-5242090,315,294,21
LK-5242095,325,301,24
LK-5242100,288,249,39
LK-5242105,306,279,27
LK-5242110,281,238,43
LK-5242115,189,161,28
LK-5242120,98,84,14
LK-5242125,391,353,38
LK-5242130,356,341,15
LK-5242135,154,139,15
LK-5242140,277,268,9
LK-5242145,464,413,51
LK-5242150,273,249,24
LK-5242155,588,516,72
LK-5242160,385,342,43
LK-5242165,205,164,41
LK-5245,8096,6824,1272
LK-5245005,137,85,52
LK-5245010,255,194,61
LK-5245015,451,395,56
LK-5245020,516,469,47
LK-5245025,344,306,38
LK-5245030,278,185,93
LK-5245035,367,319,48
LK-5245040,324,324,0
LK-5245045,373,327,46
LK-5245050,443,391,52
LK-5245055,429,358,71
LK-5245060,402,376,26
LK-5245065,522,466,56
LK-5245070,314,295,19
LK-5245075,406,377,29
LK-5245080,1136,852,284
LK-5245085,124,102,22
LK-5245090,27,23,4
LK-5245095,704,560,144
LK-5245100,301,231,70
LK-5245105,143,115,28
LK-5245110,100,74,26
LK-5248,10271,8757,1514
LK-5248005,272,212,60
LK-5248010,430,324,106
LK-5248015,584,544,40
LK-5248020,515,414,101
LK-5248025,169,148,21
LK-5248030,374,343,31
LK-5248035,702,642,60
LK-5248040,794,615,179
LK-5248045,191,190,1
LK-5248050,358,301,57
LK-5248055,270,235,35
LK-5248060,262,242,20
LK-5248065,415,389,26
LK-5248070,169,136,33
LK-5248075,234,229,5
LK-5248080,399,316,83
LK-5248085,438,342,96
LK-5248090,868,754,114
LK-5248095,371,326,45
LK-5248100,352,317,35
LK-5248105,473,399,74
LK-5248110,230,189,41
LK-5248115,338,190,148
LK-5248120,168,158,10
LK-5248125,303,279,24
LK-5248130,287,238,49
LK-5248135,305,285,20
LK-5251,2696,2365,331
LK-5251005,108,94,14
LK-5251010,181,157,24
LK-5251015,236,207,29
LK-5251020,156,148,8
LK-5251025,219,193,26
LK-5251030,198,174,24
LK-5251035,193,126,67
LK-5251040,237,211,26
LK-5251045,218,203,15
LK-5251050,183,175,8
LK-5251055,410,353,57
LK-5251060,357,324,33
LK-53,112636,95679,16957
LK-5303,3554,3179,375
LK-5303005,621,575,46
LK-5303010,146,140,6
LK-5303015,173,161,12
LK-5303020,223,201,22
LK-5303025,301,256,45
LK-5303030,279,239,40
LK-5303035,379,352,27
LK-5303040,407,338,69
LK-5303045,497,438,59
LK-5303050,528,479,49
LK-5306,10604,8432,2172
LK-5306005,59,26,33
LK-5306010,497,427,70
LK-5306015,824,640,184
LK-5306020,1287,1070,217
LK-5306025,836,737,99
LK-5306030,239,169,70
LK-5306035,428,333,95
LK-5306040,208,128,80
LK-5306045,86,29,57
LK-5306050,246,171,75
LK-5306055,159,120,39
LK-5306060,59,54,5
LK-5306065,617,402,215
LK-5306070,386,263,123
LK-5306075,221,182,39
LK-5306080,142,124,18
LK-5306085,909,715,194
LK-5306090,301,230,71
LK-5306095,574,512,62
LK-5306100,516,447,69
LK-5306105,416,353,63
LK-5306110,845,710,135
LK-5306115,366,273,93
LK-5306120,383,317,66
LK-5309,2432,2150,282
LK-5309005,252,229,23
LK-5309010,308,261,47
LK-5309015,321,292,29
LK-5309020,131,114,17
LK-5309025,302,291,11
LK-5309030,178,147,31
LK-5309035,303,270,33
LK-5309040,228,187,41
LK-5309045,189,147,42
LK-5309050,220,212,8
LK-5312,2921,2321,600
LK-5312005,559,504,55
LK-5312010,591,490,101
LK-5312015,282,248,34
LK-5312020,324,262,62
LK-5312025,235,200,35
LK-5312030,348,231,117
LK-5312035,101,76,25
LK-5312040,286,178,108
LK-5312045,119,84,35
LK-5312050,76,48,28
LK-5315,27758,23924,3834
LK-5315005,97,76,21
LK-5315010,1,0,1
LK-5315015,135,85,50
LK-5315020,462,342,120
LK-5315025,811,622,189
LK-5315030,639,515,124
LK-5315035,431,379,52
LK-5315040,1805,1642,163
LK-5315045,580,501,79
LK-5315050,123,96,27
LK-5315055,265,176,89
LK-5315060,755,666,89
LK-5315065,590,508,82
LK-5315070,451,405,46
LK-5315075,619,519,100
LK-5315080,977,899,78
LK-5315085,1158,1040,118
LK-5315090,324,276,48
LK-5315095,633,546,87
LK-5315100,701,630,71
LK-5315105,772,693,79
LK-5315110,874,761,113
LK-5315115,282,271,11
LK-5315120,477,441,36
LK-5315125,1215,1018,197
LK-5315130,882,813,69
LK-5315135,599,533,66
LK-5315140,955,808,147
LK-5315145,1004,826,178
LK-5315150,260,147,113
LK-5315155,392,322,70
LK-5315160,883,731,152
LK-5315165,396,350,46
LK-5315170,788,689,99
LK-5315175,642,472,170
LK-5315180,1429,1285,144
LK-5315185,634,576,58
LK-5315190,671,566,105
LK-5315195,1268,1126,142
LK-5315200,628,576,52
LK-5315205,494,446,48
LK-5315210,656,551,105
LK-5318,8490,7211,1279
LK-5318005,616,550,66
LK-5318010,262,207,55
LK-5318015,366,298,68
LK-5318020,347,300,47
LK-5318025,984,833,151
LK-5318030,1353,1157,196
LK-5318035,151,109,42
LK-5318040,463,376,87
LK-5318045,1117,948,169
LK-5318050,757,663,94
LK-5318055,1583,1385,198
LK-5318060,491,385,106
LK-5321,13624,11933,1691
LK-5321005,509,469,40
LK-5321010,299,270,29
LK-5321015,267,235,32
LK-5321020,477,446,31
LK-5321025,305,285,20
LK-5321030,369,338,31
LK-5321035,318,293,25
LK-5321040,743,707,36
LK-5321045,428,408,20
LK-5321050,323,279,44
LK-5321055,510,439,71
LK-5321060,578,531,47
LK-5321065,1536,1423,113
LK-5321070,305,262,43
LK-5321075,427,401,26
LK-5321080,683,585,98
LK-5321085,946,764,182
LK-5321090,776,642,134
LK-5321095,867,781,86
LK-5321100,950,850,100
LK-5321105,644,579,65
LK-5321110,852,773,79
LK-5321115,512,173,339
LK-5324,17633,14983,2650
LK-5324005,890,769,121
LK-5324010,244,220,24
LK-5324015,615,576,39
LK-5324020,355,319,36
LK-5324025,203,159,44
LK-5324030,756,667,89
LK-5324035,821,736,85
LK-5324040,748,604,144
LK-5324045,810,716,94
LK-5324050,381,336,45
LK-5324055,320,285,35
LK-5324060,214,164,50
LK-5324065,530,484,46
LK-5324070,617,537,80
LK-5324075,963,880,83
LK-5324080,782,575,207
LK-5324085,642,496,146
LK-5324090,305,284,21
LK-5324095,367,340,27
LK-5324100,401,326,75
LK-5324105,371,345,26
LK-5324110,507,468,39
LK-5324115,1546,1283,263
LK-5324120,776,606,170
LK-5324125,318,284,34
LK-5324130,809,706,103
LK-5324135,542,445,97
LK-5324140,498,385,113
LK-5324145,505,449,56
LK-5324150,657,483,174
LK-5324155,140,56,84
LK-5327,17508,14702,2806
LK-5327015,112,105,7
LK-5327025,472,405,67
LK-5327030,571,481,90
LK-5327035,634,512,122
LK-5327040,812,730,82
LK-5327045,685,581,104
LK-5327050,335,283,52
LK-5327055,199,149,50
LK-5327060,285,230,55
LK-5327065,408,302,106
LK-5327070,449,353,96
LK-5327075,671,585,86
LK-5327080,746,625,121
LK-5327085,497,404,93
LK-5327090,472,409,63
LK-5327095,778,679,99
LK-5327100,549,444,105
LK-5327105,534,445,89
LK-5327110,646,520,126
LK-5327115,440,328,112
LK-5327120,458,421,37
LK-5327125,268,259,9
LK-5327130,256,216,40
LK-5327135,580,513,67
LK-5327140,533,467,66
LK-5327145,367,319,48
LK-5327150,469,400,69
LK-5327155,347,255,92
LK-5327160,381,319,62
LK-5327165,438,372,66
LK-5327170,145,140,5
LK-5327175,501,396,105
LK-5327180,257,199,58
LK-5327185,398,332,66
LK-5327190,344,268,76
LK-5327195,405,360,45
LK-5327200,533,442,91
LK-5327205,234,201,33
LK-5327210,299,253,46
LK-5330,4531,3911,620
LK-5330005,252,194,58
LK-5330010,224,211,13
LK-5330015,89,74,15
LK-5330020,207,192,15
LK-5330025,270,269,1
LK-5330030,286,264,22
LK-5330035,163,119,44
LK-5330040,734,612,122
LK-5330045,192,127,65
LK-5330050,240,161,79
LK-5330055,627,575,52
LK-5330060,373,330,43
LK-5330065,183,154,29
LK-5330070,171,157,14
LK-5330075,249,222,27
LK-5330080,271,250,21
LK-5333,3581,2933,648
LK-5333005,188,134,54
LK-5333010,544,444,100
LK-5333015,318,250,68
LK-5333020,400,334,66
LK-5333025,252,219,33
LK-5333030,217,165,52
LK-5333035,467,387,80
LK-5333040,423,350,73
LK-5333045,533,456,77
LK-5333050,239,194,45
LK-6,724893,641881,83012
LK-61,492334,440517,51817
LK-6103,9951,8957,994
LK-6103005,252,230,22
LK-6103010,349,314,35
LK-6103015,314,280,34
LK-6103020,433,409,24
LK-6103025,379,326,53
LK-6103030,293,246,47
LK-6103035,271,239,32
LK-6103040,191,170,21
LK-6103045,188,175,13
LK-6103050,330,309,21
LK-6103055,249,225,24
LK-6103060,331,285,46
LK-6103065,396,351,45
LK-6103070,178,152,26
LK-6103075,345,301,44
LK-6103080,579,524,55
LK-6103085,282,255,27
LK-6103090,197,167,30
LK-6103095,287,261,26
LK-6103100,464,407,57
LK-6103105,353,320,33
LK-6103110,245,235,10
LK-6103115,222,197,25
LK-6103120,301,273,28
LK-6103125,102,96,6
LK-6103130,171,161,10
LK-6103135,294,265,29
LK-6103140,126,121,5
LK-6103145,305,278,27
LK-6103150,202,185,17
LK-6103155,139,126,13
LK-6103160,200,183,17
LK-6103165,361,321,40
LK-6103170,301,271,30
LK-6103175,321,299,22
LK-6106,16887,15204,1683
LK-6106005,451,394,57
LK-6106010,251,230,21
LK-6106015,173,138,35
LK-6106020,269,240,29
LK-6106025,242,212,30
LK-6106030,212,199,13
LK-6106035,232,201,31
LK-6106040,174,159,15
LK-6106045,357,321,36
LK-6106050,248,221,27
LK-6106055,285,264,21
LK-6106060,398,363,35
LK-6106065,405,379,26
LK-6106070,464,423,41
LK-6106075,716,624,92
LK-6106080,217,205,12
LK-6106085,151,142,9
LK-6106090,297,278,19
LK-6106095,241,220,21
LK-6106100,362,325,37
LK-6106105,176,164,12
LK-6106110,214,199,15
LK-6106115,197,192,5
LK-6106120,361,338,23
LK-6106125,231,212,19
LK-6106130,254,229,25
LK-6106135,331,297,34
LK-6106140,355,331,24
LK-6106145,417,383,34
LK-6106150,358,309,49
LK-6106155,281,254,27
LK-6106160,186,171,15
LK-6106165,205,196,9
LK-6106170,211,196,15
LK-6106175,158,142,16
LK-6106180,298,276,22
LK-6106185,238,215,23
LK-6106190,238,211,27
LK-6106195,477,386,91
LK-6106200,324,290,34
LK-6106205,231,195,36
LK-6106210,195,181,14
LK-6106215,272,239,33
LK-6106220,292,270,22
LK-6106225,134,123,11
LK-6106230,251,214,37
LK-6106235,187,164,23
LK-6106240,239,213,26
LK-6106245,242,219,23
LK-6106250,160,139,21
LK-6106255,161,156,5
LK-6106260,257,212,45
LK-6106265,257,236,21
LK-6106270,279,249,30
LK-6106275,363,323,40
LK-6106280,244,220,24
LK-6106285,313,283,30
LK-6106290,224,207,17
LK-6106295,194,172,22
LK-6106300,184,161,23
LK-6106305,240,218,22
LK-6106310,313,281,32
LK-6109,8079,7236,843
LK-6109005,302,267,35
LK-6109010,283,253,30
LK-6109015,263,218,45
LK-6109020,293,240,53
LK-6109025,320,294,26
LK-6109030,146,125,21
LK-6109035,222,202,20
LK-6109040,164,150,14
LK-6109045,170,154,16
LK-6109050,223,205,18
LK-6109055,191,173,18
LK-6109060,220,195,25
LK-6109065,233,217,16
LK-6109070,180,158,22
LK-6109075,222,213,9
LK-6109080,147,133,14
LK-6109085,200,180,20
LK-6109090,228,207,21
LK-6109095,286,264,22
LK-6109100,237,201,36
LK-6109105,312,289,23
LK-6109110,181,158,23
LK-6109115,262,220,42
LK-6109120,202,180,22
LK-6109125,285,251,34
LK-6109130,212,192,20
LK-6109135,183,168,15
LK-6109140,198,186,12
LK-6109145,239,208,31
LK-6109150,316,292,24
LK-6109155,298,269,29
LK-6109160,269,249,20
LK-6109165,179,167,12
LK-6109170,178,152,26
LK-6109175,235,206,29
LK-6112,7292,6476,816
LK-6112005,266,228,38
LK-6112010,214,179,35
LK-6112015,347,314,33
LK-6112020,187,154,33
LK-6112025,372,320,52
LK-6112030,472,427,45
LK-6112035,308,266,42
LK-6112040,177,160,17
LK-6112045,156,149,7
LK-6112050,209,193,16
LK-6112055,333,294,39
LK-6112060,330,285,45
LK-6112065,320,282,38
LK-6112070,184,155,29
LK-6112075,229,208,21
LK-6112080,352,275,77
LK-6112085,220,201,19
LK-6112090,363,316,47
LK-6112095,220,207,13
LK-6112100,174,160,14
LK-6112105,162,148,14
LK-6112110,238,218,20
LK-6112115,180,162,18
LK-6112120,355,325,30
LK-6112125,240,211,29
LK-6112130,288,259,29
LK-6112135,188,185,3
LK-6112140,208,195,13
LK-6115,6646,5928,718
LK-6115005,337,264,73
LK-6115010,252,192,60
LK-6115015,223,204,19
LK-6115020,301,271,30
LK-6115025,182,167,15
LK-6115030,205,188,17
LK-6115035,127,123,4
LK-6115040,252,234,18
LK-6115045,196,174,22
LK-6115050,232,202,30
LK-6115055,192,171,21
LK-6115060,249,222,27
LK-6115065,282,256,26
LK-6115070,244,215,29
LK-6115075,221,204,17
LK-6115080,224,197,27
LK-6115085,109,105,4
LK-6115090,194,188,6
LK-6115095,181,166,15
LK-6115100,162,160,2
LK-6115105,355,311,44
LK-6115110,180,160,20
LK-6115115,206,183,23
LK-6115120,187,165,22
LK-6115125,172,161,11
LK-6115130,140,128,12
LK-6115135,150,141,9
LK-6115140,378,333,45
LK-6115145,214,186,28
LK-6115150,154,141,13
LK-6115155,145,116,29
LK-6118,6783,6079,704
LK-6118005,141,136,5
LK-6118010,164,142,22
LK-6118015,200,199,1
LK-6118020,197,191,6
LK-6118025,183,160,23
LK-6118030,146,140,6
LK-6118035,116,113,3
LK-6118040,95,84,11
LK-6118045,226,207,19
LK-6118050,227,198,29
LK-6118055,98,91,7
LK-6118060,217,204,13
LK-6118065,267,235,32
LK-6118070,294,259,35
LK-6118075,376,328,48
LK-6118080,526,463,63
LK-6118085,187,171,16
LK-6118090,179,151,28
LK-6118095,536,483,53
LK-6118100,250,225,25
LK-6118105,149,132,17
LK-6118110,287,255,32
LK-6118115,284,259,25
LK-6118120,242,221,21
LK-6118125,265,234,31
LK-6118130,333,276,57
LK-6118135,344,302,42
LK-6118140,254,220,34
LK-6121,12264,11049,1215
LK-6121005,291,255,36
LK-6121010,147,140,7
LK-6121015,222,218,4
LK-6121020,302,271,31
LK-6121025,274,245,29
LK-6121030,179,158,21
LK-6121035,289,263,26
LK-6121040,283,260,23
LK-6121045,246,240,6
LK-6121050,308,261,47
LK-6121055,387,333,54
LK-6121060,304,272,32
LK-6121065,424,387,37
LK-6121070,199,185,14
LK-6121075,307,273,34
LK-6121080,209,191,18
LK-6121085,299,273,26
LK-6121090,174,165,9
LK-6121095,236,217,19
LK-6121100,341,293,48
LK-6121105,427,405,22
LK-6121110,410,358,52
LK-6121115,506,439,67
LK-6121120,252,231,21
LK-6121125,309,280,29
LK-6121130,282,239,43
LK-6121135,276,247,29
LK-6121140,234,208,26
LK-6121145,175,158,17
LK-6121150,344,303,41
LK-6121155,355,319,36
LK-6121160,308,278,30
LK-6121165,200,177,23
LK-6121170,283,254,29
LK-6121175,273,247,26
LK-6121180,379,368,11
LK-6121185,471,419,52
LK-6121190,437,400,37
LK-6121195,262,236,26
LK-6121200,170,148,22
LK-6121205,270,232,38
LK-6121210,220,203,17
LK-6124,17766,15999,1767
LK-6124005,187,177,10
LK-6124010,319,275,44
LK-6124015,117,110,7
LK-6124020,225,200,25
LK-6124025,218,190,28
LK-6124030,270,230,40
LK-6124035,232,221,11
LK-6124040,296,275,21
LK-6124045,224,203,21
LK-6124050,257,231,26
LK-6124055,235,212,23
LK-6124060,243,222,21
LK-6124065,310,271,39
LK-6124070,246,222,24
LK-6124075,308,271,37
LK-6124080,203,178,25
LK-6124085,197,183,14
LK-6124090,254,235,19
LK-6124095,196,178,18
LK-6124100,364,323,41
LK-6124105,283,259,24
LK-6124110,322,285,37
LK-6124115,254,227,27
LK-6124120,292,252,40
LK-6124125,341,273,68
LK-6124130,273,259,14
LK-6124135,225,203,22
LK-6124140,340,291,49
LK-6124145,368,309,59
LK-6124150,306,281,25
LK-6124155,318,303,15
LK-6124160,185,176,9
LK-6124165,400,352,48
LK-6124170,181,169,12
LK-6124175,220,204,16
LK-6124180,221,201,20
LK-6124185,210,208,2
LK-6124190,316,275,41
LK-6124195,347,315,32
LK-6124200,225,206,19
LK-6124205,278,248,30
LK-6124210,214,182,32
LK-6124215,214,190,24
LK-6124220,191,173,18
LK-6124225,208,201,7
LK-6124230,240,220,20
LK-6124235,275,243,32
LK-6124240,286,268,18
LK-6124245,229,218,11
LK-6124250,315,277,38
LK-6124255,275,258,17
LK-6124260,299,273,26
LK-6124265,240,206,34
LK-6124270,267,237,30
LK-6124275,229,214,15
LK-6124280,269,246,23
LK-6124285,204,190,14
LK-6124290,266,234,32
LK-6124295,318,279,39
LK-6124300,360,325,35
LK-6124305,162,144,18
LK-6124310,212,194,18
LK-6124315,399,369,30
LK-6124320,236,223,13
LK-6124325,258,227,31
LK-6124330,234,212,22
LK-6124335,288,252,36
LK-6124340,272,241,31
LK-6127,24495,21801,2694
LK-6127005,350,321,29
LK-6127010,303,292,11
LK-6127015,280,249,31
LK-6127020,250,213,37
LK-6127025,282,257,25
LK-6127030,317,273,44
LK-6127035,208,190,18
LK-6127040,267,242,25
LK-6127045,258,228,30
LK-6127050,175,168,7
LK-6127055,163,141,22
LK-6127060,319,275,44
LK-6127065,208,187,21
LK-6127070,279,254,25
LK-6127075,266,237,29
LK-6127080,149,137,12
LK-6127085,190,168,22
LK-6127090,174,159,15
LK-6127095,290,256,34
LK-6127100,218,216,2
LK-6127105,253,209,44
LK-6127110,214,192,22
LK-6127115,294,271,23
LK-6127120,454,388,66
LK-6127125,556,478,78
LK-6127130,668,581,87
LK-6127135,247,219,28
LK-6127140,224,194,30
LK-6127145,488,433,55
LK-6127150,256,235,21
LK-6127155,216,197,19
LK-6127160,201,179,22
LK-6127165,319,288,31
LK-6127170,320,287,33
LK-6127175,362,337,25
LK-6127180,444,400,44
LK-6127185,259,232,27
LK-6127190,240,233,7
LK-6127195,251,234,17
LK-6127200,266,238,28
LK-6127205,576,471,105
LK-6127210,182,165,17
LK-6127215,353,294,59
LK-6127220,849,716,133
LK-6127225,233,212,21
LK-6127230,255,226,29
LK-6127235,269,237,32
LK-6127240,289,260,29
LK-6127245,193,176,17
LK-6127250,338,309,29
LK-6127255,229,214,15
LK-6127260,275,241,34
LK-6127265,148,134,14
LK-6127270,212,188,24
LK-6127275,420,383,37
LK-6127280,258,232,26
LK-6127285,160,149,11
LK-6127290,244,225,19
LK-6127295,428,375,53
LK-6127300,269,227,42
LK-6127305,373,322,51
LK-6127310,300,262,38
LK-6127315,181,158,23
LK-6127320,273,248,25
LK-6127325,390,353,37
LK-6127330,303,280,23
LK-6127335,426,385,41
LK-6127340,434,382,52
LK-6127345,206,185,21
LK-6127350,403,370,33
LK-6127355,298,263,35
LK-6127360,285,250,35
LK-6127365,173,150,23
LK-6127370,327,304,23
LK-6127375,245,223,22
LK-6127380,143,126,17
LK-6127385,460,406,54
LK-6127390,227,215,12
LK-6127395,423,383,40
LK-6127400,323,251,72
LK-6127405,354,316,38
LK-6127410,290,247,43
LK-6130,25489,23049,2440
LK-6130005,341,320,21
LK-6130010,291,266,25
LK-6130015,213,185,28
LK-6130020,341,315,26
LK-6130025,503,461,42
LK-6130030,320,301,19
LK-6130035,316,283,33
LK-6130040,376,337,39
LK-6130045,675,540,135
LK-6130050,519,475,44
LK-6130055,388,355,33
LK-6130060,423,384,39
LK-6130065,280,268,12
LK-6130070,193,174,19
LK-6130075,456,418,38
LK-6130080,259,238,21
LK-6130085,397,349,48
LK-6130090,361,324,37
LK-6130095,363,332,31
LK-6130100,230,223,7
LK-6130105,268,244,24
LK-6130110,269,250,19
LK-6130115,169,154,15
LK-6130120,430,340,90
LK-6130125,88,84,4
LK-6130130,558,471,87
LK-6130135,553,508,45
LK-6130140,203,189,14
LK-6130145,147,129,18
LK-6130150,476,431,45
LK-6130155,288,274,14
LK-6130160,229,221,8
LK-6130165,124,105,19
LK-6130170,205,186,19
LK-6130175,145,136,9
LK-6130180,210,194,16
LK-6130185,289,272,17
LK-6130190,248,222,26
LK-6130195,262,253,9
LK-6130200,190,189,1
LK-6130205,309,271,38
LK-6130210,229,223,6
LK-6130215,235,212,23
LK-6130220,406,363,43
LK-6130225,196,173,23
LK-6130230,497,440,57
LK-6130235,225,207,18
LK-6130240,190,167,23
LK-6130245,195,184,11
LK-6130250,270,245,25
LK-6130255,416,371,45
LK-6130260,335,313,22
LK-6130265,331,304,27
LK-6130270,513,469,44
LK-6130275,510,510,0
LK-6130280,372,326,46
LK-6130285,306,274,32
LK-6130290,391,334,57
LK-6130295,557,498,59
LK-6130300,366,336,30
LK-6130305,441,396,45
LK-6130310,305,276,29
LK-6130315,217,205,12
LK-6130320,336,296,40
LK-6130325,249,235,14
LK-6130330,444,419,25
LK-6130335,723,643,80
LK-6130340,424,391,33
LK-6130345,374,345,29
LK-6130350,405,379,26
LK-6130355,509,444,65
LK-6130360,623,526,97
LK-6130365,537,456,81
LK-6130370,457,418,39
LK-6133,12476,11253,1223
LK-6133005,234,218,16
LK-6133010,225,202,23
LK-6133015,263,228,35
LK-6133020,182,147,35
LK-6133025,219,181,38
LK-6133030,259,230,29
LK-6133035,228,224,4
LK-6133040,291,277,14
LK-6133045,300,266,34
LK-6133050,264,237,27
LK-6133055,236,215,21
LK-6133060,578,519,59
LK-6133065,361,320,41
LK-6133070,337,312,25
LK-6133075,197,181,16
LK-6133080,414,347,67
LK-6133085,244,219,25
LK-6133090,404,361,43
LK-6133095,328,291,37
LK-6133100,391,348,43
LK-6133105,283,257,26
LK-6133110,348,324,24
LK-6133115,295,285,10
LK-6133120,200,185,15
LK-6133125,392,357,35
LK-6133130,204,179,25
LK-6133135,389,356,33
LK-6133140,431,394,37
LK-6133145,388,364,24
LK-6133150,276,222,54
LK-6133155,119,101,18
LK-6133160,267,232,35
LK-6133165,281,268,13
LK-6133170,440,393,47
LK-6133175,262,246,16
LK-6133180,332,296,36
LK-6133185,264,255,9
LK-6133190,169,157,12
LK-6133195,435,370,65
LK-6133200,276,252,24
LK-6133205,269,255,14
LK-6133210,201,182,19
LK-6136,18968,16918,2050
LK-6136005,294,270,24
LK-6136010,262,228,34
LK-6136015,303,275,28
LK-6136020,292,259,33
LK-6136025,364,320,44
LK-6136030,294,262,32
LK-6136035,238,209,29
LK-6136040,309,266,43
LK-6136045,407,370,37
LK-6136050,199,169,30
LK-6136055,382,349,33
LK-6136060,270,244,26
LK-6136065,310,277,33
LK-6136070,201,185,16
LK-6136075,450,415,35
LK-6136080,210,190,20
LK-6136085,196,173,23
LK-6136090,289,265,24
LK-6136095,376,335,41
LK-6136100,236,212,24
LK-6136105,379,323,56
LK-6136110,270,245,25
LK-6136115,511,448,63
LK-6136120,476,428,48
LK-6136125,369,315,54
LK-6136130,185,154,31
LK-6136135,421,348,73
LK-6136140,230,195,35
LK-6136145,385,329,56
LK-6136150,285,233,52
LK-6136155,472,425,47
LK-6136160,381,327,54
LK-6136165,486,457,29
LK-6136170,390,342,48
LK-6136175,393,358,35
LK-6136180,260,242,18
LK-6136185,235,211,24
LK-6136190,240,219,21
LK-6136195,252,228,24
LK-6136200,285,266,19
LK-6136205,279,260,19
LK-6136210,312,289,23
LK-6136215,208,193,15
LK-6136220,319,291,28
LK-6136225,468,427,41
LK-6136230,605,554,51
LK-6136235,310,273,37
LK-6136240,319,274,45
LK-6136245,383,330,53
LK-6136250,488,425,63
LK-6136255,351,292,59
LK-6136260,568,534,34
LK-6136265,350,309,41
LK-6136270,433,401,32
LK-6136275,213,199,14
LK-6136280,575,501,74
LK-6139,11196,10077,1119
LK-6139005,360,313,47
LK-6139010,457,379,78
LK-6139015,311,297,14
LK-6139020,331,289,42
LK-6139025,304,275,29
LK-6139030,389,358,31
LK-6139035,438,399,39
LK-6139040,333,295,38
LK-6139045,301,278,23
LK-6139050,323,289,34
LK-6139055,314,289,25
LK-6139060,258,230,28
LK-6139065,347,312,35
LK-6139070,236,218,18
LK-6139075,220,197,23
LK-6139080,308,263,45
LK-6139085,397,356,41
LK-6139090,316,280,36
LK-6139095,260,234,26
LK-6139100,273,252,21
LK-6139105,280,247,33
LK-6139110,214,193,21
LK-6139115,314,279,35
LK-6139120,298,271,27
LK-6139125,549,507,42
LK-6139130,264,244,20
LK-6139135,402,362,40
LK-6139140,355,321,34
LK-6139145,335,287,48
LK-6139150,301,275,26
LK-6139155,337,317,20
LK-6139160,295,264,31
LK-6139165,318,291,27
LK-6139170,243,227,16
LK-6139175,215,189,26
LK-6142,19615,17480,2135
LK-6142005,370,294,76
LK-6142010,541,480,61
LK-6142015,382,338,44
LK-6142020,491,443,48
LK-6142025,323,315,8
LK-6142030,332,293,39
LK-6142035,292,258,34
LK-6142040,278,264,14
LK-6142045,486,429,57
LK-6142050,244,223,21
LK-6142055,339,312,27
LK-6142060,430,371,59
LK-6142065,282,249,33
LK-6142070,378,313,65
LK-6142075,309,262,47
LK-6142080,154,141,13
LK-6142085,376,335,41
LK-6142090,485,428,57
LK-6142095,361,324,37
LK-6142100,318,293,25
LK-6142105,277,229,48
LK-6142110,299,254,45
LK-6142115,511,454,57
LK-6142120,505,434,71
LK-6142125,448,384,64
LK-6142130,204,186,18
LK-6142135,361,327,34
LK-6142140,398,363,35
LK-6142145,443,402,41
LK-6142150,451,443,8
LK-6142155,504,463,41
LK-6142160,458,413,45
LK-6142165,400,337,63
LK-6142170,756,675,81
LK-6142175,406,346,60
LK-6142180,776,639,137
LK-6142185,680,622,58
LK-6142190,406,359,47
LK-6142195,325,296,29
LK-6142200,400,368,32
LK-6142205,379,364,15
LK-6142210,263,242,21
LK-6142215,358,335,23
LK-6142220,228,213,15
LK-6142225,434,386,48
LK-6142230,200,184,16
LK-6142235,336,302,34
LK-6142240,243,216,27
LK-6142245,263,231,32
LK-6142250,259,234,25
LK-6142255,288,265,23
LK-6142260,185,149,36
LK-6145,19799,17923,1876
LK-6145005,340,296,44
LK-6145010,277,246,31
LK-6145015,388,352,36
LK-6145020,237,201,36
LK-6145025,373,346,27
LK-6145030,472,432,40
LK-6145035,186,168,18
LK-6145040,240,219,21
LK-6145045,361,333,28
LK-6145050,294,254,40
LK-6145055,163,150,13
LK-6145060,291,272,19
LK-6145065,237,222,15
LK-6145070,275,253,22
LK-6145075,226,214,12
LK-6145080,362,323,39
LK-6145085,275,262,13
LK-6145090,298,256,42
LK-6145095,263,244,19
LK-6145100,316,288,28
LK-6145105,332,310,22
LK-6145110,268,242,26
LK-6145115,548,513,35
LK-6145120,356,324,32
LK-6145125,261,236,25
LK-6145130,418,370,48
LK-6145135,241,227,14
LK-6145140,256,240,16
LK-6145145,435,379,56
LK-6145150,282,263,19
LK-6145155,362,341,21
LK-6145160,413,362,51
LK-6145165,341,289,52
LK-6145170,250,241,9
LK-6145175,240,227,13
LK-6145180,186,165,21
LK-6145185,291,268,23
LK-6145190,282,252,30
LK-6145195,190,187,3
LK-6145200,255,237,18
LK-6145205,514,452,62
LK-6145210,326,287,39
LK-6145215,214,209,5
LK-6145220,204,185,19
LK-6145225,291,262,29
LK-6145226,239,223,16
LK-6145227,310,282,28
LK-6145228,181,163,18
LK-6145230,254,215,39
LK-6145235,200,182,18
LK-6145240,274,263,11
LK-6145245,190,170,20
LK-6145250,337,310,27
LK-6145255,212,202,10
LK-6145260,218,194,24
LK-6145265,364,300,64
LK-6145270,230,213,17
LK-6145275,247,232,15
LK-6145280,303,272,31
LK-6145285,255,227,28
LK-6145290,180,161,19
LK-6145295,326,305,21
LK-6145300,349,320,29
LK-6145305,327,277,50
LK-6145310,393,333,60
LK-6145315,475,422,53
LK-6145320,305,258,47
LK-6148,9464,8566,898
LK-6148020,245,229,16
LK-6148025,247,222,25
LK-6148030,249,219,30
LK-6148035,212,193,19
LK-6148040,246,230,16
LK-6148045,260,242,18
LK-6148050,475,419,56
LK-6148055,334,298,36
LK-6148060,236,219,17
LK-6148065,236,220,16
LK-6148070,288,268,20
LK-6148075,307,273,34
LK-6148080,233,215,18
LK-6148085,325,286,39
LK-6148090,152,136,16
LK-6148095,217,200,17
LK-6148100,330,314,16
LK-6148105,267,242,25
LK-6148110,318,284,34
LK-6148115,317,281,36
LK-6148120,307,265,42
LK-6148125,315,276,39
LK-6148130,199,181,18
LK-6148135,183,165,18
LK-6148140,180,156,24
LK-6148145,222,207,15
LK-6148150,237,212,25
LK-6148155,124,117,7
LK-6148160,244,227,17
LK-6148165,413,389,24
LK-6148170,246,217,29
LK-6148175,234,210,24
LK-6148180,226,203,23
LK-6148185,231,203,28
LK-6148190,337,298,39
LK-6148195,272,250,22
LK-6149,11316,10145,1171
LK-6149005,228,197,31
LK-6149010,192,181,11
LK-6149015,289,264,25
LK-6149020,443,405,38
LK-6149025,408,378,30
LK-6149030,789,668,121
LK-6149035,229,199,30
LK-6149040,444,409,35
LK-6149045,304,283,21
LK-6149050,245,225,20
LK-6149055,338,306,32
LK-6149060,267,240,27
LK-6149065,245,223,22
LK-6149070,281,260,21
LK-6149075,327,283,44
LK-6149080,318,281,37
LK-6149085,130,111,19
LK-6149090,268,232,36
LK-6149095,242,194,48
LK-6149100,548,506,42
LK-6149105,377,341,36
LK-6149110,131,114,17
LK-6149115,210,193,17
LK-6149120,470,446,24
LK-6149125,404,364,40
LK-6149130,396,346,50
LK-6149135,436,396,40
LK-6149140,203,181,22
LK-6149145,170,164,6
LK-6149150,344,314,30
LK-6149155,284,261,23
LK-6149160,506,412,94
LK-6149165,340,311,29
LK-6149170,117,102,15
LK-6149175,178,165,13
LK-6149180,215,190,25
LK-6151,10575,9336,1239
LK-6151005,331,290,41
LK-6151010,334,284,50
LK-6151015,257,234,23
LK-6151020,109,103,6
LK-6151025,263,246,17
LK-6151030,208,198,10
LK-6151035,204,181,23
LK-6151040,186,163,23
LK-6151045,137,123,14
LK-6151050,307,263,44
LK-6151055,150,134,16
LK-6151060,337,289,48
LK-6151065,245,232,13
LK-6151070,428,384,44
LK-6151075,126,111,15
LK-6151080,487,385,102
LK-6151085,472,415,57
LK-6151090,197,179,18
LK-6151095,253,220,33
LK-6151100,471,423,48
LK-6151105,347,313,34
LK-6151110,466,406,60
LK-6151115,730,631,99
LK-6151120,230,207,23
LK-6151125,436,372,64
LK-6151130,473,414,59
LK-6151135,316,287,29
LK-6151140,410,361,49
LK-6151145,185,160,25
LK-6151150,279,253,26
LK-6151155,318,280,38
LK-6151160,618,558,60
LK-6151165,265,237,28
LK-6154,22959,20384,2575
LK-6154005,202,182,20
LK-6154010,199,180,19
LK-6154015,224,202,22
LK-6154020,258,211,47
LK-6154025,283,274,9
LK-6154030,288,268,20
LK-6154035,286,255,31
LK-6154040,324,291,33
LK-6154045,412,359,53
LK-6154050,292,265,27
LK-6154055,223,211,12
LK-6154060,258,226,32
LK-6154065,291,283,8
LK-6154070,235,212,23
LK-6154075,485,450,35
LK-6154080,219,196,23
LK-6154085,228,210,18
LK-6154090,472,386,86
LK-6154095,826,745,81
LK-6154100,955,763,192
LK-6154105,383,330,53
LK-6154110,527,450,77
LK-6154115,391,374,17
LK-6154120,500,430,70
LK-6154125,1011,860,151
LK-6154130,708,620,88
LK-6154135,406,362,44
LK-6154140,527,494,33
LK-6154145,1028,846,182
LK-6154150,868,775,93
LK-6154155,361,311,50
LK-6154160,84,79,5
LK-6154165,459,401,58
LK-6154170,433,368,65
LK-6154175,746,630,116
LK-6154180,334,298,36
LK-6154185,543,462,81
LK-6154190,403,375,28
LK-6154195,347,324,23
LK-6154200,402,365,37
LK-6154205,358,312,46
LK-6154210,268,249,19
LK-6154215,238,216,22
LK-6154220,388,348,40
LK-6154225,361,339,22
LK-6154230,454,405,49
LK-6154235,465,424,41
LK-6154240,537,511,26
LK-6154245,697,609,88
LK-6154250,384,343,41
LK-6154255,565,534,31
LK-6154260,222,207,15
LK-6154265,248,224,24
LK-6154270,353,340,13
LK-6157,15378,13826,1552
LK-6157005,290,280,10
LK-6157010,227,225,2
LK-6157015,483,439,44
LK-6157020,299,278,21
LK-6157025,417,352,65
LK-6157030,296,260,36
LK-6157035,211,193,18
LK-6157040,213,189,24
LK-6157045,470,419,51
LK-6157050,293,246,47
LK-6157055,822,729,93
LK-6157060,403,369,34
LK-6157065,336,297,39
LK-6157070,247,235,12
LK-6157075,173,137,36
LK-6157080,496,458,38
LK-6157085,593,518,75
LK-6157090,395,361,34
LK-6157095,537,502,35
LK-6157100,1097,960,137
LK-6157105,928,833,95
LK-6157110,342,296,46
LK-6157115,533,481,52
LK-6157120,204,171,33
LK-6157125,400,349,51
LK-6157130,204,195,9
LK-6157135,161,144,17
LK-6157140,173,158,15
LK-6157145,274,258,16
LK-6157150,294,264,30
LK-6157155,182,164,18
LK-6157160,202,182,20
LK-6157165,247,223,24
LK-6157170,317,292,25
LK-6157175,164,158,6
LK-6157180,445,391,54
LK-6157185,174,152,22
LK-6157190,229,202,27
LK-6157195,207,207,0
LK-6157200,279,244,35
LK-6157205,290,258,32
LK-6157210,200,188,12
LK-6157215,303,272,31
LK-6157220,245,222,23
LK-6157225,83,75,8
LK-6160,19007,17065,1942
LK-6160005,395,347,48
LK-6160010,290,232,58
LK-6160015,246,233,13
LK-6160020,310,291,19
LK-6160025,415,363,52
LK-6160030,338,311,27
LK-6160035,151,137,14
LK-6160040,300,285,15
LK-6160045,268,243,25
LK-6160050,260,243,17
LK-6160055,211,202,9
LK-6160060,145,127,18
LK-6160065,194,181,13
LK-6160070,466,404,62
LK-6160075,171,152,19
LK-6160080,339,318,21
LK-6160085,214,207,7
LK-6160090,284,247,37
LK-6160095,154,137,17
LK-6160100,277,230,47
LK-6160105,333,290,43
LK-6160110,336,303,33
LK-6160115,461,419,42
LK-6160120,286,261,25
LK-6160125,262,242,20
LK-6160130,485,404,81
LK-6160135,693,564,129
LK-6160140,242,219,23
LK-6160145,388,356,32
LK-6160150,212,190,22
LK-6160155,97,85,12
LK-6160160,194,174,20
LK-6160165,122,111,11
LK-6160170,231,215,16
LK-6160175,115,104,11
LK-6160180,147,135,12
LK-6160185,186,164,22
LK-6160190,183,169,14
LK-6160195,262,239,23
LK-6160200,505,474,31
LK-6160205,189,168,21
LK-6160210,261,238,23
LK-6160215,306,286,20
LK-6160220,425,385,40
LK-6160225,336,308,28
LK-6160230,501,454,47
LK-6160235,243,218,25
LK-6160240,258,219,39
LK-6160245,216,193,23
LK-6160250,401,359,42
LK-6160255,172,160,12
LK-6160260,446,379,67
LK-6160265,154,139,15
LK-6160270,201,184,17
LK-6160275,255,228,27
LK-6160280,287,262,25
LK-6160285,395,356,39
LK-6160290,168,148,20
LK-6160295,261,235,26
LK-6160300,350,308,42
LK-6160305,356,326,30
LK-6160310,222,199,23
LK-6160315,176,161,15
LK-6160320,213,196,17
LK-6160325,202,182,20
LK-6160330,174,160,14
LK-6160335,183,166,17
LK-6160340,115,106,9
LK-6160345,132,115,17
LK-6160350,152,142,10
LK-6160355,89,77,12
LK-6163,26849,23880,2969
LK-6163005,136,128,8
LK-6163010,296,266,30
LK-6163015,252,227,25
LK-6163020,305,277,28
LK-6163025,222,198,24
LK-6163030,280,255,25
LK-6163035,182,159,23
LK-6163040,251,223,28
LK-6163045,269,250,19
LK-6163050,90,90,0
LK-6163055,214,196,18
LK-6163060,212,190,22
LK-6163065,212,192,20
LK-6163070,464,392,72
LK-6163075,247,229,18
LK-6163080,221,187,34
LK-6163085,310,270,40
LK-6163090,210,186,24
LK-6163095,219,191,28
LK-6163100,168,146,22
LK-6163105,306,248,58
LK-6163110,274,240,34
LK-6163115,204,188,16
LK-6163120,527,474,53
LK-6163125,186,163,23
LK-6163130,334,302,32
LK-6163135,295,259,36
LK-6163140,506,443,63
LK-6163145,455,400,55
LK-6163150,403,364,39
LK-6163155,353,326,27
LK-6163160,377,336,41
LK-6163165,246,218,28
LK-6163170,328,282,46
LK-6163175,246,229,17
LK-6163180,278,261,17
LK-6163185,336,303,33
LK-6163190,234,215,19
LK-6163195,245,206,39
LK-6163200,189,172,17
LK-6163205,82,65,17
LK-6163210,563,516,47
LK-6163215,459,423,36
LK-6163220,180,157,23
LK-6163225,306,276,30
LK-6163230,296,273,23
LK-6163235,332,304,28
LK-6163240,158,134,24
LK-6163245,227,207,20
LK-6163250,192,179,13
LK-6163255,160,151,9
LK-6163260,259,234,25
LK-6163265,253,228,25
LK-6163270,161,141,20
LK-6163275,49,42,7
LK-6163280,100,88,12
LK-6163285,225,210,15
LK-6163290,299,265,34
LK-6163295,118,93,25
LK-6163300,154,128,26
LK-6163305,272,245,27
LK-6163310,166,135,31
LK-6163315,255,229,26
LK-6163320,136,117,19
LK-6163325,237,198,39
LK-6163330,153,147,6
LK-6163335,136,125,11
LK-6163340,296,260,36
LK-6163345,146,129,17
LK-6163350,209,197,12
LK-6163355,128,121,7
LK-6163360,151,131,20
LK-6163365,306,278,28
LK-6163370,324,290,34
LK-6163375,88,81,7
LK-6163380,120,98,22
LK-6163385,135,104,31
LK-6163390,210,176,34
LK-6163395,335,291,44
LK-6163400,149,142,7
LK-6163405,216,195,21
LK-6163410,323,289,34
LK-6163415,214,199,15
LK-6163420,279,253,26
LK-6163425,153,135,18
LK-6163430,110,85,25
LK-6163435,201,179,22
LK-6163440,219,192,27
LK-6163445,220,194,26
LK-6163450,499,444,55
LK-6163455,316,288,28
LK-6163460,180,164,16
LK-6163465,155,130,25
LK-6163470,151,127,24
LK-6163475,185,156,29
LK-6163480,219,205,14
LK-6163485,173,153,20
LK-6163490,105,87,18
LK-6163495,190,175,15
LK-6163500,180,156,24
LK-6163505,172,172,0
LK-6163510,183,154,29
LK-6163515,271,247,24
LK-6163520,139,115,24
LK-6163525,239,219,20
LK-6163530,248,217,31
LK-6163535,298,245,53
LK-6163540,166,155,11
LK-6163545,275,234,41
LK-6163550,144,129,15
LK-6163555,250,192,58
LK-6163560,296,255,41
LK-6163565,273,251,22
LK-6166,10585,9414,1171
LK-6166005,136,118,18
LK-6166010,309,284,25
LK-6166015,227,202,25
LK-6166020,203,185,18
LK-6166025,169,158,11
LK-6166030,122,115,7
LK-6166035,320,285,35
LK-6166040,253,230,23
LK-6166045,344,320,24
LK-6166050,188,159,29
LK-6166055,220,204,16
LK-6166060,216,196,20
LK-6166065,218,196,22
LK-6166070,542,473,69
LK-6166075,339,313,26
LK-6166080,261,228,33
LK-6166085,245,217,28
LK-6166090,246,219,27
LK-6166095,363,292,71
LK-6166100,209,189,20
LK-6166105,388,347,41
LK-6166110,146,130,16
LK-6166115,262,234,28
LK-6166120,401,352,49
LK-6166125,179,156,23
LK-6166130,488,420,68
LK-6166135,698,602,96
LK-6166140,314,268,46
LK-6166145,346,312,34
LK-6166150,227,205,22
LK-6166155,436,379,57
LK-6166160,264,242,22
LK-6166165,185,173,12
LK-6166170,195,176,19
LK-6166175,306,275,31
LK-6166180,227,210,17
LK-6166185,166,147,19
LK-6166190,227,203,24
LK-6169,15244,13810,1434
LK-6169005,323,305,18
LK-6169010,330,306,24
LK-6169015,385,358,27
LK-6169020,274,243,31
LK-6169025,315,294,21
LK-6169030,218,191,27
LK-6169035,343,343,0
LK-6169040,469,445,24
LK-6169045,305,271,34
LK-6169050,402,351,51
LK-6169055,484,448,36
LK-6169060,773,698,75
LK-6169065,425,381,44
LK-6169070,547,504,43
LK-6169075,334,315,19
LK-6169080,210,195,15
LK-6169085,264,242,22
LK-6169090,306,255,51
LK-6169095,256,244,12
LK-6169100,319,297,22
LK-6169105,330,314,16
LK-6169110,314,263,51
LK-6169115,392,372,20
LK-6169120,253,238,15
LK-6169125,473,427,46
LK-6169130,319,294,25
LK-6169135,307,261,46
LK-6169140,320,300,20
LK-6169145,893,769,124
LK-6169150,368,337,31
LK-6169155,465,413,52
LK-6169160,227,202,25
LK-6169165,244,220,24
LK-6169170,256,225,31
LK-6169175,417,373,44
LK-6169180,234,215,19
LK-6169185,287,255,32
LK-6169190,156,132,24
LK-6169195,194,176,18
LK-6169200,299,262,37
LK-6169205,197,174,23
LK-6169210,284,252,32
LK-6169215,307,284,23
LK-6169220,202,177,25
LK-6169225,224,189,35
LK-6172,24209,21445,2764
LK-6172005,156,125,31
LK-6172010,487,426,61
LK-6172015,161,136,25
LK-6172020,443,407,36
LK-6172025,491,445,46
LK-6172030,299,265,34
LK-6172035,346,292,54
LK-6172040,519,467,52
LK-6172045,481,424,57
LK-6172050,689,596,93
LK-6172055,334,305,29
LK-6172060,461,409,52
LK-6172065,332,278,54
LK-6172070,426,385,41
LK-6172075,354,314,40
LK-6172080,520,469,51
LK-6172085,295,261,34
LK-6172090,409,363,46
LK-6172095,615,517,98
LK-6172100,555,484,71
LK-6172105,303,271,32
LK-6172110,387,343,44
LK-6172115,375,327,48
LK-6172120,356,313,43
LK-6172125,255,217,38
LK-6172130,486,426,60
LK-6172135,206,183,23
LK-6172140,543,493,50
LK-6172145,370,331,39
LK-6172150,368,326,42
LK-6172155,333,295,38
LK-6172160,321,283,38
LK-6172165,285,257,28
LK-6172170,298,276,22
LK-6172175,481,413,68
LK-6172180,401,366,35
LK-6172185,411,368,43
LK-6172190,341,293,48
LK-6172195,383,334,49
LK-6172200,209,193,16
LK-6172205,626,551,75
LK-6172210,324,286,38
LK-6172215,372,318,54
LK-6172220,345,318,27
LK-6172225,316,274,42
LK-6172230,417,386,31
LK-6172235,246,208,38
LK-6172240,376,333,43
LK-6172245,467,389,78
LK-6172250,332,301,31
LK-6172255,130,118,12
LK-6172260,188,164,24
LK-6172265,284,273,11
LK-6172270,464,407,57
LK-6172275,421,373,48
LK-6172280,474,412,62
LK-6172285,182,160,22
LK-6172290,318,283,35
LK-6172295,227,203,24
LK-6172300,245,215,30
LK-6172305,160,149,11
LK-6172310,196,177,19
LK-6172315,228,209,19
LK-6172320,212,189,23
LK-6172325,361,327,34
LK-6172330,188,170,18
LK-6172335,287,265,22
LK-6172340,338,311,27
LK-6175,16274,14209,2065
LK-6175005,318,260,58
LK-6175010,420,333,87
LK-6175015,320,285,35
LK-6175020,246,195,51
LK-6175025,324,270,54
LK-6175030,304,267,37
LK-6175035,489,437,52
LK-6175040,261,234,27
LK-6175045,408,360,48
LK-6175050,258,231,27
LK-6175055,311,291,20
LK-6175060,451,409,42
LK-6175065,306,264,42
LK-6175070,336,296,40
LK-6175075,327,294,33
LK-6175080,688,640,48
LK-6175085,267,228,39
LK-6175090,233,195,38
LK-6175095,334,295,39
LK-6175100,515,457,58
LK-6175105,280,255,25
LK-6175110,675,613,62
LK-6175115,278,250,28
LK-6175120,410,355,55
LK-6175125,474,403,71
LK-6175130,359,313,46
LK-6175135,617,567,50
LK-6175140,343,270,73
LK-6175145,355,300,55
LK-6175150,259,214,45
LK-6175155,443,378,65
LK-6175160,353,321,32
LK-6175165,462,369,93
LK-6175170,618,539,79
LK-6175175,278,238,40
LK-6175180,346,312,34
LK-6175185,444,396,48
LK-6175190,414,362,52
LK-6175195,270,242,28
LK-6175200,533,438,95
LK-6175205,311,272,39
LK-6175210,375,319,56
LK-6175215,261,242,19
LK-6178,38276,33731,4545
LK-6178005,366,325,41
LK-6178010,747,656,91
LK-6178015,466,398,68
LK-6178020,476,418,58
LK-6178025,817,705,112
LK-6178030,341,296,45
LK-6178035,340,297,43
LK-6178040,332,294,38
LK-6178045,287,247,40
LK-6178050,398,353,45
LK-6178055,534,463,71
LK-6178060,266,243,23
LK-6178065,358,307,51
LK-6178070,376,292,84
LK-6178075,402,330,72
LK-6178080,445,398,47
LK-6178085,400,353,47
LK-6178090,262,226,36
LK-6178095,467,383,84
LK-6178100,457,413,44
LK-6178105,229,202,27
LK-6178110,370,301,69
LK-6178115,463,425,38
LK-6178120,512,447,65
LK-6178125,447,397,50
LK-6178130,291,260,31
LK-6178135,355,320,35
LK-6178140,271,230,41
LK-6178145,410,361,49
LK-6178150,457,407,50
LK-6178155,439,375,64
LK-6178160,374,343,31
LK-6178165,592,523,69
LK-6178170,358,308,50
LK-6178175,304,260,44
LK-6178180,485,420,65
LK-6178185,431,362,69
LK-6178190,563,492,71
LK-6178195,499,427,72
LK-6178200,298,270,28
LK-6178205,490,451,39
LK-6178210,295,265,30
LK-6178215,315,291,24
LK-6178220,395,357,38
LK-6178225,640,583,57
LK-6178230,248,211,37
LK-6178235,228,188,40
LK-6178240,285,236,49
LK-6178245,372,312,60
LK-6178250,502,426,76
LK-6178255,763,697,66
LK-6178260,589,535,54
LK-6178265,614,558,56
LK-6178270,246,220,26
LK-6178275,695,630,65
LK-6178280,377,340,37
LK-6178285,290,263,27
LK-6178290,439,395,44
LK-6178295,361,304,57
LK-6178300,306,263,43
LK-6178305,432,385,47
LK-6178310,639,556,83
LK-6178315,491,448,43
LK-6178320,510,434,76
LK-6178325,511,455,56
LK-6178330,731,658,73
LK-6178335,570,514,56
LK-6178340,364,319,45
LK-6178345,577,505,72
LK-6178350,439,364,75
LK-6178355,538,460,78
LK-6178360,302,271,31
LK-6178365,586,509,77
LK-6178370,444,403,41
LK-6178375,606,555,51
LK-6178380,671,616,55
LK-6178385,653,553,100
LK-6178390,332,294,38
LK-6178395,346,314,32
LK-6178400,451,442,9
LK-6178405,321,293,28
LK-6178410,492,434,58
LK-6178415,364,319,45
LK-6178420,490,421,69
LK-6178425,533,488,45
LK-6178430,364,318,46
LK-6178435,384,351,33
LK-6181,16874,15237,1637
LK-6181005,373,356,17
LK-6181010,611,532,79
LK-6181015,446,390,56
LK-6181020,160,144,16
LK-6181025,242,214,28
LK-6181030,278,263,15
LK-6181035,256,228,28
LK-6181040,225,204,21
LK-6181045,374,361,13
LK-6181050,350,317,33
LK-6181055,349,329,20
LK-6181060,251,229,22
LK-6181065,272,260,12
LK-6181070,534,484,50
LK-6181075,249,233,16
LK-6181080,162,154,8
LK-6181085,157,144,13
LK-6181090,245,225,20
LK-6181095,203,183,20
LK-6181100,779,698,81
LK-6181105,191,167,24
LK-6181110,266,238,28
LK-6181115,277,257,20
LK-6181120,355,336,19
LK-6181125,247,238,9
LK-6181130,176,166,10
LK-6181135,133,128,5
LK-6181140,246,221,25
LK-6181145,224,208,16
LK-6181150,182,161,21
LK-6181155,276,261,15
LK-6181160,682,585,97
LK-6181165,208,194,14
LK-6181170,192,172,20
LK-6181175,405,355,50
LK-6181180,303,265,38
LK-6181185,310,289,21
LK-6181190,311,284,27
LK-6181195,318,291,27
LK-6181200,255,225,30
LK-6181205,255,231,24
LK-6181210,593,525,68
LK-6181215,204,172,32
LK-6181220,299,264,35
LK-6181225,540,482,58
LK-6181230,567,477,90
LK-6181235,327,295,32
LK-6181240,236,215,21
LK-6181245,392,353,39
LK-6181250,222,203,19
LK-6181255,282,260,22
LK-6181260,205,178,27
LK-6181265,406,348,58
LK-6181270,273,245,28
LK-6184,19037,17221,1816
LK-6184005,238,216,22
LK-6184010,200,180,20
LK-6184015,252,228,24
LK-6184020,327,279,48
LK-6184025,209,188,21
LK-6184030,303,280,23
LK-6184035,228,211,17
LK-6184040,253,234,19
LK-6184045,210,192,18
LK-6184050,183,167,16
LK-6184055,267,242,25
LK-6184060,280,256,24
LK-6184065,203,189,14
LK-6184070,245,223,22
LK-6184075,273,251,22
LK-6184080,222,204,18
LK-6184085,232,208,24
LK-6184090,278,251,27
LK-6184095,223,198,25
LK-6184100,428,394,34
LK-6184105,249,230,19
LK-6184110,333,289,44
LK-6184115,168,151,17
LK-6184120,182,171,11
LK-6184125,421,382,39
LK-6184130,231,213,18
LK-6184135,320,283,37
LK-6184140,243,217,26
LK-6184145,223,210,13
LK-6184150,238,216,22
LK-6184155,338,311,27
LK-6184160,229,200,29
LK-6184165,307,280,27
LK-6184170,192,171,21
LK-6184175,544,494,50
LK-6184180,386,334,52
LK-6184185,301,270,31
LK-6184190,305,267,38
LK-6184195,591,533,58
LK-6184200,553,510,43
LK-6184205,194,164,30
LK-6184210,372,328,44
LK-6184215,506,463,43
LK-6184220,178,164,14
LK-6184225,421,382,39
LK-6184230,259,237,22
LK-6184235,211,195,16
LK-6184240,249,224,25
LK-6184245,151,150,1
LK-6184250,233,192,41
LK-6184255,272,229,43
LK-6184260,386,345,41
LK-6184265,422,388,34
LK-6184270,580,523,57
LK-6184275,463,409,54
LK-6184280,244,221,23
LK-6184285,353,319,34
LK-6184290,173,166,7
LK-6184295,200,182,18
LK-6184300,300,278,22
LK-6184305,254,227,27
LK-6184310,254,210,44
LK-6184315,182,176,6
LK-6184320,250,230,20
LK-6184325,320,305,15
LK-6184330,202,191,11
LK-6187,18581,16819,1762
LK-6187005,245,219,26
LK-6187010,267,243,24
LK-6187015,228,203,25
LK-6187020,219,204,15
LK-6187025,340,315,25
LK-6187030,165,161,4
LK-6187035,153,139,14
LK-6187040,167,152,15
LK-6187045,80,73,7
LK-6187050,219,204,15
LK-6187055,115,108,7
LK-6187060,188,183,5
LK-6187065,149,146,3
LK-6187070,120,117,3
LK-6187075,145,125,20
LK-6187080,126,113,13
LK-6187085,104,91,13
LK-6187090,137,128,9
LK-6187095,163,146,17
LK-6187100,152,141,11
LK-6187105,174,158,16
LK-6187110,223,197,26
LK-6187115,354,321,33
LK-6187120,271,234,37
LK-6187125,107,106,1
LK-6187130,164,153,11
LK-6187135,140,118,22
LK-6187140,145,132,13
LK-6187145,190,176,14
LK-6187150,270,256,14
LK-6187155,217,201,16
LK-6187160,177,166,11
LK-6187165,98,96,2
LK-6187170,198,171,27
LK-6187175,114,108,6
LK-6187180,419,363,56
LK-6187185,216,206,10
LK-6187190,206,184,22
LK-6187195,108,101,7
LK-6187200,110,105,5
LK-6187205,83,78,5
LK-6187210,79,75,4
LK-6187215,321,280,41
LK-6187220,175,156,19
LK-6187225,162,162,0
LK-6187230,205,192,13
LK-6187235,192,173,19
LK-6187240,171,166,5
LK-6187245,494,443,51
LK-6187250,131,119,12
LK-6187255,262,235,27
LK-6187260,146,133,13
LK-6187265,293,282,11
LK-6187270,152,139,13
LK-6187275,116,107,9
LK-6187280,243,212,31
LK-6187285,221,196,25
LK-6187290,404,344,60
LK-6187295,235,221,14
LK-6187300,197,185,12
LK-6187305,220,171,49
LK-6187310,272,224,48
LK-6187315,151,138,13
LK-6187320,128,119,9
LK-6187325,335,302,33
LK-6187330,164,154,10
LK-6187335,246,220,26
LK-6187340,198,169,29
LK-6187345,307,295,12
LK-6187350,270,245,25
LK-6187355,274,238,36
LK-6187360,304,277,27
LK-6187365,217,198,19
LK-6187370,305,268,37
LK-6187375,366,309,57
LK-6187380,403,361,42
LK-6187385,277,243,34
LK-6187390,172,159,13
LK-6187395,288,273,15
LK-6187400,433,387,46
LK-6187405,334,286,48
LK-6187410,356,292,64
LK-6187415,244,226,18
LK-6187420,652,604,48
LK-62,232559,201364,31195
LK-6203,23083,20112,2971
LK-6203005,380,276,104
LK-6203010,568,417,151
LK-6203015,812,774,38
LK-6203020,238,228,10
LK-6203025,539,497,42
LK-6203030,1576,1349,227
LK-6203035,243,233,10
LK-6203040,520,459,61
LK-6203045,180,155,25
LK-6203050,598,512,86
LK-6203055,568,543,25
LK-6203060,1256,1099,157
LK-6203065,1101,894,207
LK-6203070,529,467,62
LK-6203075,963,885,78
LK-6203080,499,460,39
LK-6203085,362,287,75
LK-6203090,699,633,66
LK-6203095,548,512,36
LK-6203100,826,758,68
LK-6203105,352,296,56
LK-6203110,1905,1468,437
LK-6203115,1858,1541,317
LK-6203120,705,658,47
LK-6203125,396,379,17
LK-6203130,761,717,44
LK-6203135,487,481,6
LK-6203140,604,533,71
LK-6203145,327,293,34
LK-6203150,677,535,142
LK-6203155,2006,1773,233
LK-6206,5689,4662,1027
LK-6206005,48,40,8
LK-6206010,250,206,44
LK-6206015,79,66,13
LK-6206020,252,194,58
LK-6206025,409,358,51
LK-6206030,705,579,126
LK-6206035,329,265,64
LK-6206040,355,289,66
LK-6206045,374,287,87
LK-6206050,281,231,50
LK-6206055,422,343,79
LK-6206060,250,210,40
LK-6206065,294,237,57
LK-6206070,189,137,52
LK-6206075,305,257,48
LK-6206080,859,715,144
LK-6206085,288,248,40
LK-6209,7809,6811,998
LK-6209005,345,286,59
LK-6209010,284,263,21
LK-6209015,703,611,92
LK-6209020,168,147,21
LK-6209025,220,198,22
LK-6209030,188,172,16
LK-6209035,380,344,36
LK-6209040,216,199,17
LK-6209045,254,219,35
LK-6209050,225,204,21
LK-6209055,565,455,110
LK-6209060,517,453,64
LK-6209065,217,188,29
LK-6209070,201,195,6
LK-6209075,241,211,30
LK-6209080,186,173,13
LK-6209085,199,163,36
LK-6209090,232,194,38
LK-6209095,609,518,91
LK-6209100,171,148,23
LK-6209105,308,262,46
LK-6209110,253,212,41
LK-6209115,404,363,41
LK-6209120,132,122,10
LK-6209125,305,264,41
LK-6209130,286,247,39
LK-6212,4796,4185,611
LK-6212005,331,309,22
LK-6212010,188,164,24
LK-6212015,190,175,15
LK-6212020,456,392,64
LK-6212025,335,276,59
LK-6212030,223,193,30
LK-6212035,238,174,64
LK-6212040,110,92,18
LK-6212045,177,167,10
LK-6212050,181,159,22
LK-6212055,153,144,9
LK-6212060,260,225,35
LK-6212065,321,258,63
LK-6212070,283,252,31
LK-6212075,116,99,17
LK-6212080,314,278,36
LK-6212085,323,291,32
LK-6212090,310,276,34
LK-6212095,287,261,26
LK-6215,22905,19540,3365
LK-6215005,1798,1625,173
LK-6215010,759,606,153
LK-6215015,249,225,24
LK-6215020,347,317,30
LK-6215025,930,774,156
LK-6215030,932,844,88
LK-6215035,1561,1416,145
LK-6215040,3569,3126,443
LK-6215045,1144,1030,114
LK-6215050,2725,2389,336
LK-6215055,1066,808,258
LK-6215060,421,360,61
LK-6215065,471,418,53
LK-6215070,146,139,7
LK-6215075,2115,1566,549
LK-6215080,345,288,57
LK-6215085,511,434,77
LK-6215090,239,234,5
LK-6215095,413,293,120
LK-6215100,1086,861,225
LK-6215105,1454,1274,180
LK-6215110,624,513,111
LK-6218,17565,15390,2175
LK-6218005,656,612,44
LK-6218010,782,723,59
LK-6218015,1253,1021,232
LK-6218020,758,652,106
LK-6218025,757,641,116
LK-6218030,462,416,46
LK-6218035,458,438,20
LK-6218040,398,374,24
LK-6218045,815,696,119
LK-6218050,885,742,143
LK-6218055,433,393,40
LK-6218060,414,372,42
LK-6218065,450,388,62
LK-6218070,314,274,40
LK-6218075,515,491,24
LK-6218080,341,313,28
LK-6218085,567,523,44
LK-6218090,412,358,54
LK-6218095,217,178,39
LK-6218100,322,258,64
LK-6218105,373,321,52
LK-6218110,644,545,99
LK-6218115,398,363,35
LK-6218120,473,390,83
LK-6218125,709,610,99
LK-6218130,307,264,43
LK-6218135,756,665,91
LK-6218140,1211,1080,131
LK-6218145,473,414,59
LK-6218150,681,593,88
LK-6218155,331,282,49
LK-6221,6381,5437,944
LK-6221005,299,251,48
LK-6221010,237,220,17
LK-6221015,334,279,55
LK-6221020,416,366,50
LK-6221025,322,278,44
LK-6221030,184,153,31
LK-6221035,168,153,15
LK-6221040,222,189,33
LK-6221045,195,173,22
LK-6221050,144,132,12
LK-6221055,213,180,33
LK-6221060,212,175,37
LK-6221065,140,116,24
LK-6221070,313,283,30
LK-6221075,237,191,46
LK-6221080,215,182,33
LK-6221085,316,260,56
LK-6221090,193,154,39
LK-6221095,300,263,37
LK-6221100,290,243,47
LK-6221105,232,186,46
LK-6221110,338,267,71
LK-6221115,210,166,44
LK-6221120,250,217,33
LK-6221125,401,360,41
LK-6224,12231,10817,1414
LK-6224005,404,383,21
LK-6224010,272,245,27
LK-6224015,279,249,30
LK-6224020,478,386,92
LK-6224025,306,282,24
LK-6224030,409,369,40
LK-6224035,379,314,65
LK-6224040,228,195,33
LK-6224045,306,283,23
LK-6224050,374,327,47
LK-6224055,414,370,44
LK-6224060,367,342,25
LK-6224065,262,235,27
LK-6224070,136,122,14
LK-6224075,153,144,9
LK-6224080,380,337,43
LK-6224085,320,255,65
LK-6224090,449,388,61
LK-6224095,321,290,31
LK-6224100,245,219,26
LK-6224105,387,354,33
LK-6224110,376,344,32
LK-6224115,628,511,117
LK-6224120,354,314,40
LK-6224125,264,238,26
LK-6224130,169,151,18
LK-6224135,375,350,25
LK-6224140,540,458,82
LK-6224145,427,378,49
LK-6224150,299,282,17
LK-6224155,336,305,31
LK-6224160,396,344,52
LK-6224165,328,288,40
LK-6224170,351,330,21
LK-6224175,519,435,84
LK-6227,8188,6898,1290
LK-6227005,597,510,87
LK-6227010,521,445,76
LK-6227015,280,232,48
LK-6227020,404,309,95
LK-6227025,384,332,52
LK-6227030,521,419,102
LK-6227035,502,433,69
LK-6227040,498,424,74
LK-6227045,292,236,56
LK-6227050,380,344,36
LK-6227055,450,404,46
LK-6227060,567,498,69
LK-6227065,862,713,149
LK-6227070,332,258,74
LK-6227075,594,527,67
LK-6227080,289,260,29
LK-6227085,286,218,68
LK-6227090,429,336,93
LK-6230,13073,11426,1647
LK-6230005,442,367,75
LK-6230010,324,273,51
LK-6230015,485,431,54
LK-6230020,718,630,88
LK-6230025,209,184,25
LK-6230030,201,167,34
LK-6230035,279,248,31
LK-6230040,276,246,30
LK-6230045,609,550,59
LK-6230050,241,215,26
LK-6230055,262,227,35
LK-6230060,221,191,30
LK-6230065,319,289,30
LK-6230070,224,199,25
LK-6230075,609,547,62
LK-6230080,267,241,26
LK-6230085,373,334,39
LK-6230090,468,408,60
LK-6230095,303,260,43
LK-6230100,522,468,54
LK-6230105,242,219,23
LK-6230110,211,187,24
LK-6230115,428,381,47
LK-6230120,525,432,93
LK-6230125,400,328,72
LK-6230130,702,608,94
LK-6230135,270,236,34
LK-6230140,418,354,64
LK-6230145,381,326,55
LK-6230150,811,707,104
LK-6230155,350,311,39
LK-6230160,593,543,50
LK-6230165,390,319,71
LK-6233,18706,16488,2218
LK-6233005,260,234,26
LK-6233010,780,717,63
LK-6233015,229,203,26
LK-6233020,132,119,13
LK-6233025,239,199,40
LK-6233030,287,223,64
LK-6233035,246,209,37
LK-6233040,243,216,27
LK-6233045,181,156,25
LK-6233050,169,153,16
LK-6233055,151,133,18
LK-6233060,315,284,31
LK-6233065,745,638,107
LK-6233070,1008,859,149
LK-6233075,525,502,23
LK-6233080,268,263,5
LK-6233085,245,234,11
LK-6233090,470,441,29
LK-6233095,375,343,32
LK-6233100,1042,906,136
LK-6233105,322,292,30
LK-6233110,652,557,95
LK-6233115,420,350,70
LK-6233120,523,452,71
LK-6233125,262,224,38
LK-6233130,257,229,28
LK-6233135,301,269,32
LK-6233140,338,293,45
LK-6233145,199,179,20
LK-6233150,358,330,28
LK-6233155,192,170,22
LK-6233160,220,195,25
LK-6233165,209,178,31
LK-6233170,346,299,47
LK-6233175,552,513,39
LK-6233180,1094,958,136
LK-6233185,300,281,19
LK-6233190,397,365,32
LK-6233195,380,323,57
LK-6233200,507,398,109
LK-6233205,745,690,55
LK-6233210,401,361,40
LK-6233215,264,237,27
LK-6233220,267,219,48
LK-6233225,152,131,21
LK-6233230,222,194,28
LK-6233235,232,207,25
LK-6233240,415,335,80
LK-6233245,269,227,42
LK-6236,14896,13136,1760
LK-6236005,319,276,43
LK-6236010,374,312,62
LK-6236015,275,257,18
LK-6236020,198,167,31
LK-6236025,187,159,28
LK-6236030,522,465,57
LK-6236035,230,204,26
LK-6236040,233,205,28
LK-6236045,153,132,21
LK-6236050,291,267,24
LK-6236055,280,258,22
LK-6236060,199,165,34
LK-6236065,160,142,18
LK-6236070,191,185,6
LK-6236075,253,233,20
LK-6236080,327,283,44
LK-6236085,166,133,33
LK-6236090,339,309,30
LK-6236095,227,211,16
LK-6236100,329,269,60
LK-6236105,133,120,13
LK-6236110,402,347,55
LK-6236115,271,245,26
LK-6236120,397,386,11
LK-6236125,192,165,27
LK-6236130,184,147,37
LK-6236135,355,319,36
LK-6236140,291,258,33
LK-6236145,343,309,34
LK-6236150,386,329,57
LK-6236155,469,406,63
LK-6236160,537,490,47
LK-6236165,254,229,25
LK-6236170,221,192,29
LK-6236175,143,123,20
LK-6236180,237,208,29
LK-6236185,328,282,46
LK-6236190,914,790,124
LK-6236195,522,459,63
LK-6236200,288,268,20
LK-6236205,510,439,71
LK-6236210,364,326,38
LK-6236215,388,334,54
LK-6236220,321,272,49
LK-6236225,337,296,41
LK-6236230,139,126,13
LK-6236235,184,156,28
LK-6236240,319,288,31
LK-6236245,214,195,19
LK-6239,15780,13905,1875
LK-6239005,1066,960,106
LK-6239010,327,290,37
LK-6239015,834,757,77
LK-6239020,577,522,55
LK-6239025,409,356,53
LK-6239030,317,284,33
LK-6239035,155,139,16
LK-6239040,200,185,15
LK-6239045,276,240,36
LK-6239050,129,113,16
LK-6239055,260,232,28
LK-6239060,211,179,32
LK-6239065,223,204,19
LK-6239070,224,196,28
LK-6239075,227,164,63
LK-6239080,344,292,52
LK-6239085,314,288,26
LK-6239090,182,153,29
LK-6239095,243,223,20
LK-6239100,213,187,26
LK-6239105,231,203,28
LK-6239110,416,381,35
LK-6239115,382,345,37
LK-6239120,684,599,85
LK-6239125,212,188,24
LK-6239130,279,244,35
LK-6239135,308,282,26
LK-6239140,213,168,45
LK-6239145,615,525,90
LK-6239150,240,206,34
LK-6239155,228,190,38
LK-6239160,270,237,33
LK-6239165,442,398,44
LK-6239170,300,253,47
LK-6239175,260,234,26
LK-6239180,518,441,77
LK-6239185,167,145,22
LK-6239190,348,301,47
LK-6239195,157,128,29
LK-6239200,392,362,30
LK-6239205,525,481,44
LK-6239210,332,312,20
LK-6239215,376,320,56
LK-6239220,312,279,33
LK-6239225,231,197,34
LK-6239230,398,324,74
LK-6239235,213,198,15
LK-6242,19418,16839,2579
LK-6242005,424,362,62
LK-6242010,393,331,62
LK-6242015,230,198,32
LK-6242020,705,628,77
LK-6242025,977,851,126
LK-6242030,450,395,55
LK-6242035,517,449,68
LK-6242040,306,267,39
LK-6242045,451,402,49
LK-6242050,466,417,49
LK-6242055,571,496,75
LK-6242060,563,505,58
LK-6242065,753,632,121
LK-6242070,941,822,119
LK-6242075,984,833,151
LK-6242080,187,151,36
LK-6242085,397,349,48
LK-6242090,598,490,108
LK-6242095,302,242,60
LK-6242100,315,278,37
LK-6242105,192,186,6
LK-6242110,149,131,18
LK-6242115,141,138,3
LK-6242120,388,329,59
LK-6242125,223,189,34
LK-6242130,195,171,24
LK-6242135,227,206,21
LK-6242140,236,213,23
LK-6242145,240,212,28
LK-6242150,377,337,40
LK-6242155,639,545,94
LK-6242160,301,274,27
LK-6242165,473,457,16
LK-6242170,304,237,67
LK-6242175,446,397,49
LK-6242180,135,114,21
LK-6242185,553,475,78
LK-6242190,369,322,47
LK-6242195,509,432,77
LK-6242200,460,380,80
LK-6242205,409,343,66
LK-6242210,449,388,61
LK-6242215,385,336,49
LK-6242220,283,236,47
LK-6242225,339,281,58
LK-6242230,248,224,24
LK-6242235,218,188,30
LK-6245,22216,18718,3498
LK-6245005,488,407,81
LK-6245010,342,281,61
LK-6245015,338,311,27
LK-6245020,347,304,43
LK-6245025,598,538,60
LK-6245030,545,470,75
LK-6245035,1468,1350,118
LK-6245040,433,338,95
LK-6245045,553,455,98
LK-6245050,276,206,70
LK-6245055,263,228,35
LK-6245060,457,393,64
LK-6245065,480,403,77
LK-6245070,557,491,66
LK-6245075,502,410,92
LK-6245080,390,318,72
LK-6245085,416,329,87
LK-6245090,459,395,64
LK-6245095,480,379,101
LK-6245100,538,420,118
LK-6245105,437,353,84
LK-6245110,589,489,100
LK-6245115,438,375,63
LK-6245120,375,337,38
LK-6245125,456,396,60
LK-6245130,240,208,32
LK-6245135,684,625,59
LK-6245140,332,276,56
LK-6245145,277,239,38
LK-6245150,418,366,52
LK-6245155,530,456,74
LK-6245160,317,255,62
LK-6245165,315,246,69
LK-6245170,333,278,55
LK-6245175,475,405,70
LK-6245180,279,236,43
LK-6245185,418,332,86
LK-6245190,309,272,37
LK-6245195,223,175,48
LK-6245200,304,257,47
LK-6245205,316,275,41
LK-6245210,317,243,74
LK-6245215,444,363,81
LK-6245220,350,251,99
LK-6245225,457,368,89
LK-6245230,454,371,83
LK-6245235,404,323,81
LK-6245240,382,306,76
LK-6245245,437,359,78
LK-6245250,314,294,20
LK-6245255,369,301,68
LK-6245260,293,262,31
LK-6248,19823,17000,2823
LK-6248005,439,386,53
LK-6248010,291,252,39
LK-6248015,310,290,20
LK-6248020,238,215,23
LK-6248025,635,541,94
LK-6248030,301,279,22
LK-6248035,658,586,72
LK-6248040,491,414,77
LK-6248045,393,350,43
LK-6248050,438,404,34
LK-6248055,325,307,18
LK-6248060,250,238,12
LK-6248065,303,267,36
LK-6248070,391,341,50
LK-6248075,669,617,52
LK-6248080,291,241,50
LK-6248085,601,523,78
LK-6248090,658,556,102
LK-6248095,886,791,95
LK-6248100,464,439,25
LK-6248105,381,351,30
LK-6248110,277,199,78
LK-6248115,347,268,79
LK-6248120,213,148,65
LK-6248125,465,385,80
LK-6248130,223,191,32
LK-6248135,285,246,39
LK-6248140,360,329,31
LK-6248145,388,326,62
LK-6248150,274,235,39
LK-6248155,351,310,41
LK-6248160,331,288,43
LK-6248165,357,318,39
LK-6248170,513,411,102
LK-6248175,453,348,105
LK-6248180,449,390,59
LK-6248185,521,457,64
LK-6248190,229,189,40
LK-6248195,608,484,124
LK-6248200,646,482,164
LK-6248205,848,692,156
LK-6248210,568,511,57
LK-6248215,185,160,25
LK-6248220,691,517,174
LK-6248225,212,198,14
LK-6248230,275,227,48
LK-6248235,341,303,38
LK-7,378221,339358,38863
LK-71,254339,229032,25307
LK-7103,7047,6196,851
LK-7103005,521,385,136
LK-7103010,527,474,53
LK-7103015,552,465,87
LK-7103020,409,374,35
LK-7103025,672,614,58
LK-7103030,613,546,67
LK-7103035,372,315,57
LK-7103040,664,585,79
LK-7103045,270,239,31
LK-7103050,366,345,21
LK-7103055,88,71,17
LK-7103060,459,415,44
LK-7103065,322,288,34
LK-7103070,611,544,67
LK-7103075,601,536,65
LK-7106,6471,5912,559
LK-7106005,287,258,29
LK-7106010,252,242,10
LK-7106015,167,121,46
LK-7106020,207,195,12
LK-7106025,98,87,11
LK-7106030,111,77,34
LK-7106035,219,210,9
LK-7106040,235,207,28
LK-7106045,192,180,12
LK-7106050,158,146,12
LK-7106055,211,178,33
LK-7106060,278,258,20
LK-7106065,302,273,29
LK-7106070,403,382,21
LK-7106075,156,147,9
LK-7106080,181,169,12
LK-7106085,365,316,49
LK-7106090,641,563,78
LK-7106095,254,237,17
LK-7106100,342,333,9
LK-7106105,146,139,7
LK-7106110,370,344,26
LK-7106115,193,184,9
LK-7106120,214,202,12
LK-7106125,188,175,13
LK-7106130,301,289,12
LK-7109,13703,12474,1229
LK-7109005,487,445,42
LK-7109010,378,351,27
LK-7109015,346,325,21
LK-7109020,392,358,34
LK-7109025,455,394,61
LK-7109030,520,486,34
LK-7109035,284,262,22
LK-7109040,188,175,13
LK-7109045,441,408,33
LK-7109050,425,410,15
LK-7109055,251,234,17
LK-7109060,372,347,25
LK-7109065,440,408,32
LK-7109070,417,378,39
LK-7109075,276,250,26
LK-7109080,225,204,21
LK-7109085,374,346,28
LK-7109090,244,211,33
LK-7109095,263,241,22
LK-7109100,311,300,11
LK-7109105,360,321,39
LK-7109110,318,254,64
LK-7109115,350,312,38
LK-7109120,340,328,12
LK-7109125,443,419,24
LK-7109130,437,416,21
LK-7109135,452,424,28
LK-7109140,368,339,29
LK-7109145,255,236,19
LK-7109150,698,578,120
LK-7109155,620,511,109
LK-7109160,443,380,63
LK-7109165,267,254,13
LK-7109170,257,250,7
LK-7109175,506,454,52
LK-7109180,232,223,9
LK-7109185,268,242,26
LK-7112,6720,6050,670
LK-7112005,355,331,24
LK-7112010,338,307,31
LK-7112015,480,453,27
LK-7112020,429,375,54
LK-7112025,319,306,13
LK-7112030,390,349,41
LK-7112035,468,419,49
LK-7112040,339,304,35
LK-7112045,522,451,71
LK-7112050,360,324,36
LK-7112055,396,334,62
LK-7112060,419,385,34
LK-7112065,331,294,37
LK-7112070,505,456,49
LK-7112075,515,455,60
LK-7112080,239,226,13
LK-7112085,315,281,34
LK-7115,17705,15895,1810
LK-7115005,178,167,11
LK-7115010,294,270,24
LK-7115015,377,350,27
LK-7115020,455,417,38
LK-7115025,363,341,22
LK-7115030,305,276,29
LK-7115035,353,320,33
LK-7115040,360,320,40
LK-7115045,187,181,6
LK-7115050,372,352,20
LK-7115055,323,303,20
LK-7115060,510,463,47
LK-7115065,352,330,22
LK-7115070,458,419,39
LK-7115075,623,584,39
LK-7115080,293,273,20
LK-7115085,356,327,29
LK-7115090,409,363,46
LK-7115095,429,382,47
LK-7115100,487,435,52
LK-7115105,367,350,17
LK-7115110,343,313,30
LK-7115115,321,279,42
LK-7115120,531,487,44
LK-7115125,1670,1490,180
LK-7115130,583,508,75
LK-7115135,593,505,88
LK-7115140,435,386,49
LK-7115145,602,547,55
LK-7115150,650,572,78
LK-7115155,334,291,43
LK-7115160,634,519,115
LK-7115165,204,172,32
LK-7115170,32,25,7
LK-7115175,322,285,37
LK-7115180,434,379,55
LK-7115185,725,636,89
LK-7115190,426,383,43
LK-7115195,506,432,74
LK-7115200,509,463,46
LK-7118,10702,9764,938
LK-7118005,300,266,34
LK-7118010,338,311,27
LK-7118015,382,360,22
LK-7118020,188,180,8
LK-7118025,251,231,20
LK-7118030,343,296,47
LK-7118035,328,298,30
LK-7118040,273,240,33
LK-7118045,266,242,24
LK-7118050,384,357,27
LK-7118055,240,220,20
LK-7118060,300,281,19
LK-7118065,144,131,13
LK-7118070,197,180,17
LK-7118075,152,145,7
LK-7118080,352,291,61
LK-7118085,166,153,13
LK-7118090,224,210,14
LK-7118095,198,175,23
LK-7118100,226,210,16
LK-7118105,302,286,16
LK-7118110,882,808,74
LK-7118115,281,259,22
LK-7118120,208,187,21
LK-7118125,378,347,31
LK-7118130,361,322,39
LK-7118135,253,234,19
LK-7118140,344,305,39
LK-7118145,281,254,27
LK-7118150,416,378,38
LK-7118155,253,236,17
LK-7118160,278,251,27
LK-7118165,131,124,7
LK-7118170,256,242,14
LK-7118175,152,135,17
LK-7118180,186,183,3
LK-7118185,214,183,31
LK-7118190,274,253,21
LK-7121,11368,10452,916
LK-7121005,232,217,15
LK-7121010,232,219,13
LK-7121015,383,333,50
LK-7121020,242,227,15
LK-7121025,169,157,12
LK-7121030,243,205,38
LK-7121035,271,260,11
LK-7121040,285,246,39
LK-7121045,223,202,21
LK-7121050,301,281,20
LK-7121055,237,224,13
LK-7121060,237,226,11
LK-7121065,232,214,18
LK-7121070,390,340,50
LK-7121075,245,226,19
LK-7121080,404,372,32
LK-7121085,477,431,46
LK-7121090,545,502,43
LK-7121095,298,280,18
LK-7121100,201,183,18
LK-7121105,205,193,12
LK-7121110,398,359,39
LK-7121115,414,380,34
LK-7121120,329,308,21
LK-7121125,499,445,54
LK-7121130,259,248,11
LK-7121135,354,316,38
LK-7121140,233,224,9
LK-7121145,189,170,19
LK-7121150,225,215,10
LK-7121155,132,120,12
LK-7121160,179,175,4
LK-7121165,211,197,14
LK-7121170,311,284,27
LK-7121175,324,318,6
LK-7121180,276,239,37
LK-7121185,187,178,9
LK-7121190,276,245,31
LK-7121195,308,292,16
LK-7121200,212,201,11
LK-7124,10304,9450,854
LK-7124005,385,354,31
LK-7124010,316,281,35
LK-7124015,269,247,22
LK-7124020,182,172,10
LK-7124025,288,262,26
LK-7124030,373,351,22
LK-7124035,248,235,13
LK-7124040,169,154,15
LK-7124045,291,277,14
LK-7124050,262,252,10
LK-7124055,123,119,4
LK-7124060,215,195,20
LK-7124065,324,307,17
LK-7124070,264,235,29
LK-7124075,308,278,30
LK-7124080,336,309,27
LK-7124085,237,218,19
LK-7124090,89,78,11
LK-7124095,446,416,30
LK-7124100,542,459,83
LK-7124105,211,190,21
LK-7124110,337,318,19
LK-7124115,291,258,33
LK-7124120,163,149,14
LK-7124125,312,284,28
LK-7124130,213,201,12
LK-7124135,517,477,40
LK-7124140,234,223,11
LK-7124145,215,205,10
LK-7124150,262,258,4
LK-7124155,271,245,26
LK-7124160,290,274,16
LK-7124165,156,152,4
LK-7124170,209,194,15
LK-7124175,254,231,23
LK-7124180,243,236,7
LK-7124185,208,159,49
LK-7124190,251,197,54
LK-7127,13829,12590,1239
LK-7127005,188,180,8
LK-7127010,499,462,37
LK-7127015,323,269,54
LK-7127020,269,224,45
LK-7127025,343,303,40
LK-7127030,508,463,45
LK-7127035,383,354,29
LK-7127040,196,181,15
LK-7127045,241,214,27
LK-7127050,310,267,43
LK-7127055,399,366,33
LK-7127060,253,242,11
LK-7127065,217,207,10
LK-7127070,161,144,17
LK-7127075,515,453,62
LK-7127080,487,429,58
LK-7127085,354,317,37
LK-7127090,316,301,15
LK-7127095,534,485,49
LK-7127100,364,339,25
LK-7127105,533,473,60
LK-7127110,298,286,12
LK-7127115,119,113,6
LK-7127120,272,253,19
LK-7127125,244,222,22
LK-7127130,310,290,20
LK-7127135,463,428,35
LK-7127140,605,549,56
LK-7127145,441,385,56
LK-7127150,227,204,23
LK-7127155,262,238,24
LK-7127160,314,307,7
LK-7127165,434,406,28
LK-7127170,253,241,12
LK-7127175,404,376,28
LK-7127180,230,217,13
LK-7127185,141,120,21
LK-7127190,308,274,34
LK-7127195,621,555,66
LK-7127200,341,311,30
LK-7127205,149,142,7
LK-7130,9714,8714,1000
LK-7130005,330,307,23
LK-7130010,242,226,16
LK-7130015,332,299,33
LK-7130020,273,259,14
LK-7130025,382,338,44
LK-7130030,248,234,14
LK-7130035,898,773,125
LK-7130040,616,554,62
LK-7130045,414,394,20
LK-7130050,546,465,81
LK-7130055,439,395,44
LK-7130060,639,538,101
LK-7130065,663,550,113
LK-7130070,364,336,28
LK-7130075,343,312,31
LK-7130080,418,385,33
LK-7130085,356,326,30
LK-7130090,203,188,15
LK-7130095,326,304,22
LK-7130100,350,327,23
LK-7130105,194,178,16
LK-7130110,209,175,34
LK-7130115,240,212,28
LK-7130120,377,346,31
LK-7130125,312,293,19
LK-7133,19834,17534,2300
LK-7133005,540,479,61
LK-7133010,606,460,146
LK-7133015,561,478,83
LK-7133020,350,325,25
LK-7133025,388,360,28
LK-7133030,525,456,69
LK-7133035,531,479,52
LK-7133040,499,434,65
LK-7133045,501,442,59
LK-7133050,1278,1147,131
LK-7133055,634,479,155
LK-7133060,743,637,106
LK-7133065,906,809,97
LK-7133070,835,755,80
LK-7133075,1335,1204,131
LK-7133080,1187,1054,133
LK-7133085,935,813,122
LK-7133090,475,437,38
LK-7133095,583,529,54
LK-7133100,538,470,68
LK-7133105,531,446,85
LK-7133110,590,535,55
LK-7133115,765,703,62
LK-7133120,907,819,88
LK-7133125,940,830,110
LK-7133130,383,350,33
LK-7133135,860,765,95
LK-7133140,446,395,51
LK-7133145,462,444,18
LK-7136,7554,6830,724
LK-7136005,471,440,31
LK-7136010,645,571,74
LK-7136015,421,360,61
LK-7136020,485,442,43
LK-7136025,542,483,59
LK-7136030,494,440,54
LK-7136035,384,354,30
LK-7136040,327,303,24
LK-7136045,432,393,39
LK-7136050,335,316,19
LK-7136055,276,255,21
LK-7136060,190,175,15
LK-7136065,314,288,26
LK-7136070,493,444,49
LK-7136075,347,314,33
LK-7136080,338,311,27
LK-7136085,412,364,48
LK-7136090,325,296,29
LK-7136095,323,281,42
LK-7139,15081,13656,1425
LK-7139005,199,172,27
LK-7139010,275,250,25
LK-7139015,131,123,8
LK-7139020,42,37,5
LK-7139025,435,400,35
LK-7139030,224,208,16
LK-7139035,295,280,15
LK-7139040,273,253,20
LK-7139045,291,268,23
LK-7139050,245,228,17
LK-7139055,343,320,23
LK-7139060,544,486,58
LK-7139065,967,856,111
LK-7139070,451,406,45
LK-7139075,371,346,25
LK-7139080,441,406,35
LK-7139085,477,439,38
LK-7139090,991,896,95
LK-7139095,413,377,36
LK-7139100,361,322,39
LK-7139105,387,348,39
LK-7139110,317,301,16
LK-7139115,578,530,48
LK-7139120,555,521,34
LK-7139125,618,552,66
LK-7139130,325,288,37
LK-7139135,448,391,57
LK-7139140,514,435,79
LK-7139145,479,424,55
LK-7139150,310,269,41
LK-7139155,328,303,25
LK-7139160,543,495,48
LK-7139165,260,241,19
LK-7139170,474,430,44
LK-7139175,665,603,62
LK-7139180,511,452,59
LK-7142,10238,9296,942
LK-7142005,465,417,48
LK-7142010,979,883,96
LK-7142015,857,787,70
LK-7142020,449,405,44
LK-7142025,527,496,31
LK-7142030,386,357,29
LK-7142035,742,695,47
LK-7142040,575,517,58
LK-7142045,399,363,36
LK-7142050,428,394,34
LK-7142055,388,360,28
LK-7142060,414,370,44
LK-7142065,323,298,25
LK-7142070,410,371,39
LK-7142075,261,239,22
LK-7142080,625,538,87
LK-7142085,409,366,43
LK-7142090,412,377,35
LK-7142095,370,320,50
LK-7142100,344,322,22
LK-7142105,475,421,54
LK-7145,12768,11470,1298
LK-7145005,721,666,55
LK-7145010,473,426,47
LK-7145015,449,419,30
LK-7145020,349,321,28
LK-7145025,532,469,63
LK-7145030,351,321,30
LK-7145035,374,357,17
LK-7145040,352,314,38
LK-7145045,530,478,52
LK-7145050,272,246,26
LK-7145055,361,321,40
LK-7145060,607,560,47
LK-7145065,1103,917,186
LK-7145070,783,692,91
LK-7145075,375,333,42
LK-7145080,473,427,46
LK-7145085,986,889,97
LK-7145090,522,469,53
LK-7145095,546,480,66
LK-7145100,263,241,22
LK-7145105,394,356,38
LK-7145110,529,473,56
LK-7145115,460,412,48
LK-7145120,244,225,19
LK-7145125,360,327,33
LK-7145130,359,331,28
LK-7148,17313,15589,1724
LK-7148005,235,207,28
LK-7148010,359,323,36
LK-7148015,583,493,90
LK-7148020,515,468,47
LK-7148025,470,438,32
LK-7148030,559,505,54
LK-7148035,722,653,69
LK-7148040,693,594,99
LK-7148045,341,289,52
LK-7148050,256,228,28
LK-7148055,566,508,58
LK-7148060,456,407,49
LK-7148065,438,403,35
LK-7148070,289,274,15
LK-7148075,627,578,49
LK-7148080,474,418,56
LK-7148085,318,274,44
LK-7148090,511,481,30
LK-7148095,587,534,53
LK-7148100,601,527,74
LK-7148105,365,331,34
LK-7148110,382,354,28
LK-7148115,448,393,55
LK-7148120,492,441,51
LK-7148125,351,322,29
LK-7148130,267,250,17
LK-7148135,223,197,26
LK-7148140,344,312,32
LK-7148145,326,283,43
LK-7148150,479,426,53
LK-7148155,368,336,32
LK-7148160,560,508,52
LK-7148165,589,533,56
LK-7148170,494,428,66
LK-7148175,424,393,31
LK-7148180,291,260,31
LK-7148185,371,348,23
LK-7148190,345,312,33
LK-7148195,594,560,34
LK-7151,8281,7498,783
LK-7151005,130,121,9
LK-7151010,202,179,23
LK-7151015,209,190,19
LK-7151020,118,106,12
LK-7151025,90,81,9
LK-7151030,142,132,10
LK-7151035,103,92,11
LK-7151040,225,208,17
LK-7151045,278,250,28
LK-7151050,223,211,12
LK-7151055,145,130,15
LK-7151060,127,113,14
LK-7151065,274,247,27
LK-7151070,313,292,21
LK-7151075,285,266,19
LK-7151080,231,217,14
LK-7151085,249,223,26
LK-7151090,234,198,36
LK-7151095,208,185,23
LK-7151100,235,211,24
LK-7151105,225,205,20
LK-7151110,281,255,26
LK-7151115,138,131,7
LK-7151120,210,191,19
LK-7151125,165,144,21
LK-7151130,130,118,12
LK-7151135,347,290,57
LK-7151140,95,85,10
LK-7151145,347,315,32
LK-7151150,191,164,27
LK-7151155,213,195,18
LK-7151160,241,220,21
LK-7151165,165,149,16
LK-7151170,252,239,13
LK-7151175,75,75,0
LK-7151180,270,254,16
LK-7151185,216,193,23
LK-7151190,159,138,21
LK-7151195,127,119,8
LK-7151200,182,158,24
LK-7151205,231,208,23
LK-7154,17063,15558,1505
LK-7154005,283,264,19
LK-7154010,256,243,13
LK-7154015,156,154,2
LK-7154020,123,111,12
LK-7154025,400,365,35
LK-7154030,225,203,22
LK-7154035,895,812,83
LK-7154040,171,149,22
LK-7154045,186,164,22
LK-7154050,338,303,35
LK-7154055,396,362,34
LK-7154060,333,301,32
LK-7154065,192,184,8
LK-7154070,197,187,10
LK-7154075,459,395,64
LK-7154080,220,206,14
LK-7154085,198,181,17
LK-7154090,138,133,5
LK-7154095,336,287,49
LK-7154100,368,335,33
LK-7154105,330,310,20
LK-7154110,214,181,33
LK-7154115,195,164,31
LK-7154120,531,481,50
LK-7154125,442,411,31
LK-7154130,296,267,29
LK-7154135,403,360,43
LK-7154140,347,312,35
LK-7154145,217,194,23
LK-7154150,191,166,25
LK-7154155,501,468,33
LK-7154160,725,680,45
LK-7154165,279,255,24
LK-7154170,196,188,8
LK-7154175,201,184,17
LK-7154180,194,177,17
LK-7154185,238,218,20
LK-7154190,398,357,41
LK-7154195,360,338,22
LK-7154200,308,279,29
LK-7154205,497,452,45
LK-7154210,506,460,46
LK-7154215,219,188,31
LK-7154220,151,138,13
LK-7154225,372,346,26
LK-7154230,132,120,12
LK-7154235,404,365,39
LK-7154240,324,275,49
LK-7154245,497,460,37
LK-7154250,323,290,33
LK-7154255,321,311,10
LK-7154260,368,355,13
LK-7154265,513,469,44
LK-7157,4666,4197,469
LK-7157005,116,115,1
LK-7157010,195,179,16
LK-7157015,292,262,30
LK-7157020,238,223,15
LK-7157025,141,128,13
LK-7157030,195,182,13
LK-7157035,247,226,21
LK-7157040,355,305,50
LK-7157045,330,273,57
LK-7157050,211,202,9
LK-7157055,982,880,102
LK-7157060,138,127,11
LK-7157065,270,251,19
LK-7157070,293,264,29
LK-7157075,281,262,19
LK-7157080,382,318,64
LK-7160,12689,10817,1872
LK-7160005,542,484,58
LK-7160010,95,88,7
LK-7160015,194,170,24
LK-7160020,552,375,177
LK-7160025,495,460,35
LK-7160030,510,455,55
LK-7160035,457,407,50
LK-7160040,356,320,36
LK-7160045,242,209,33
LK-7160050,154,147,7
LK-7160055,245,228,17
LK-7160060,230,209,21
LK-7160065,2032,1404,628
LK-7160070,555,496,59
LK-7160075,263,235,28
LK-7160080,361,317,44
LK-7160085,340,314,26
LK-7160090,305,278,27
LK-7160095,288,257,31
LK-7160100,413,376,37
LK-7160105,140,132,8
LK-7160110,302,248,54
LK-7160115,254,220,34
LK-7160120,260,243,17
LK-7160125,338,286,52
LK-7160130,536,482,54
LK-7160135,401,337,64
LK-7160140,85,75,10
LK-7160145,271,253,18
LK-7160150,483,416,67
LK-7160155,388,369,19
LK-7160160,602,527,75
LK-7163,10891,9675,1216
LK-7163005,359,335,24
LK-7163010,425,380,45
LK-7163015,445,409,36
LK-7163020,616,560,56
LK-7163025,368,340,28
LK-7163030,556,501,55
LK-7163035,358,336,22
LK-7163040,596,477,119
LK-7163045,369,331,38
LK-7163050,561,516,45
LK-7163055,401,387,14
LK-7163060,432,398,34
LK-7163065,232,219,13
LK-7163070,387,324,63
LK-7163075,403,350,53
LK-7163080,315,291,24
LK-7163085,227,191,36
LK-7163090,498,458,40
LK-7163095,327,306,21
LK-7163100,194,172,22
LK-7163105,507,386,121
LK-7163110,74,73,1
LK-7163115,202,169,33
LK-7163120,384,342,42
LK-7163125,348,298,50
LK-7163130,652,577,75
LK-7163135,195,159,36
LK-7163140,81,68,13
LK-7163145,150,144,6
LK-7163150,229,178,51
LK-7166,10398,9415,983
LK-7166005,337,287,50
LK-7166010,284,252,32
LK-7166015,237,222,15
LK-7166020,198,179,19
LK-7166025,119,108,11
LK-7166030,397,346,51
LK-7166035,281,258,23
LK-7166040,121,111,10
LK-7166045,160,152,8
LK-7166050,194,185,9
LK-7166055,241,218,23
LK-7166060,248,238,10
LK-7166065,357,327,30
LK-7166070,374,314,60
LK-7166075,215,191,24
LK-7166080,311,289,22
LK-7166085,363,306,57
LK-7166090,489,447,42
LK-7166095,324,304,20
LK-7166100,499,438,61
LK-7166105,631,593,38
LK-7166110,369,338,31
LK-7166115,379,349,30
LK-7166120,355,325,30
LK-7166125,308,280,28
LK-7166130,278,252,26
LK-7166135,224,198,26
LK-7166140,267,237,30
LK-7166145,190,179,11
LK-7166150,274,253,21
LK-7166155,403,341,62
LK-7166160,208,188,20
LK-7166165,298,276,22
LK-7166170,224,206,18
LK-7166175,241,228,13
LK-72,123882,110326,13556
LK-7203,19373,17400,1973
LK-7203005,426,385,41
LK-7203010,500,409,91
LK-7203015,383,352,31
LK-7203020,270,244,26
LK-7203025,243,219,24
LK-7203030,551,488,63
LK-7203035,434,403,31
LK-7203040,370,331,39
LK-7203045,297,277,20
LK-7203050,281,244,37
LK-7203055,578,494,84
LK-7203060,369,337,32
LK-7203065,423,340,83
LK-7203070,311,263,48
LK-7203075,696,612,84
LK-7203080,297,252,45
LK-7203085,454,417,37
LK-7203090,575,505,70
LK-7203095,194,175,19
LK-7203100,392,351,41
LK-7203105,456,421,35
LK-7203110,555,498,57
LK-7203115,341,284,57
LK-7203120,686,629,57
LK-7203125,432,408,24
LK-7203130,336,301,35
LK-7203135,290,268,22
LK-7203140,233,215,18
LK-7203145,411,374,37
LK-7203150,216,195,21
LK-7203155,226,219,7
LK-7203160,424,375,49
LK-7203165,308,288,20
LK-7203170,287,264,23
LK-7203175,333,285,48
LK-7203180,320,296,24
LK-7203185,229,204,25
LK-7203190,400,369,31
LK-7203195,344,311,33
LK-7203200,429,395,34
LK-7203205,453,424,29
LK-7203210,248,240,8
LK-7203215,367,322,45
LK-7203220,287,272,15
LK-7203225,325,306,19
LK-7203230,251,236,15
LK-7203235,230,205,25
LK-7203240,251,227,24
LK-7203245,454,360,94
LK-7203250,410,384,26
LK-7203255,225,211,14
LK-7203260,267,241,26
LK-7203265,305,275,30
LK-7206,19843,18060,1783
LK-7206005,544,456,88
LK-7206010,446,376,70
LK-7206015,367,322,45
LK-7206020,491,465,26
LK-7206025,206,175,31
LK-7206030,369,337,32
LK-7206035,635,585,50
LK-7206040,317,289,28
LK-7206045,587,547,40
LK-7206050,271,239,32
LK-7206055,495,460,35
LK-7206060,277,260,17
LK-7206065,508,467,41
LK-7206070,692,623,69
LK-7206075,413,387,26
LK-7206080,352,329,23
LK-7206085,481,464,17
LK-7206090,623,573,50
LK-7206095,197,177,20
LK-7206100,299,281,18
LK-7206105,315,284,31
LK-7206110,541,496,45
LK-7206115,402,359,43
LK-7206120,435,410,25
LK-7206125,510,469,41
LK-7206130,315,283,32
LK-7206135,470,432,38
LK-7206140,519,484,35
LK-7206145,531,483,48
LK-7206150,300,276,24
LK-7206155,400,360,40
LK-7206160,761,712,49
LK-7206165,572,517,55
LK-7206170,427,389,38
LK-7206175,364,316,48
LK-7206180,523,476,47
LK-7206185,440,397,43
LK-7206190,289,274,15
LK-7206195,453,397,56
LK-7206200,393,376,17
LK-7206205,247,192,55
LK-7206210,383,321,62
LK-7206215,454,402,52
LK-7206220,375,357,18
LK-7206225,854,786,68
LK-7209,11182,9885,1297
LK-7209005,335,319,16
LK-7209010,270,243,27
LK-7209015,319,287,32
LK-7209020,324,291,33
LK-7209025,156,144,12
LK-7209030,813,639,174
LK-7209035,461,396,65
LK-7209040,332,310,22
LK-7209045,280,264,16
LK-7209050,396,348,48
LK-7209055,211,190,21
LK-7209060,338,310,28
LK-7209065,495,447,48
LK-7209070,291,264,27
LK-7209075,406,364,42
LK-7209080,394,368,26
LK-7209085,451,413,38
LK-7209090,328,301,27
LK-7209095,430,374,56
LK-7209100,424,389,35
LK-7209105,324,281,43
LK-7209110,492,453,39
LK-7209115,377,356,21
LK-7209120,590,474,116
LK-7209125,821,663,158
LK-7209130,637,563,74
LK-7209135,58,42,16
LK-7209140,429,392,37
LK-7210,10885,9289,1596
LK-7210005,1102,887,215
LK-7210010,104,98,6
LK-7210015,287,252,35
LK-7210020,540,429,111
LK-7210025,259,225,34
LK-7210030,198,172,26
LK-7210035,1725,1506,219
LK-7210040,530,489,41
LK-7210045,184,148,36
LK-7210050,167,124,43
LK-7210055,460,356,104
LK-7210060,214,194,20
LK-7210070,263,229,34
LK-7210075,159,135,24
LK-7210080,449,375,74
LK-7210085,333,300,33
LK-7210090,181,176,5
LK-7210095,351,278,73
LK-7210100,279,240,39
LK-7210105,208,192,16
LK-7210110,309,235,74
LK-7210115,393,337,56
LK-7210120,464,420,44
LK-7210125,417,383,34
LK-7210130,296,257,39
LK-7210135,243,192,51
LK-7210140,235,205,30
LK-7210145,212,168,44
LK-7210150,323,287,36
LK-7212,24922,21844,3078
LK-7212005,589,507,82
LK-7212010,637,580,57
LK-7212015,463,395,68
LK-7212020,403,345,58
LK-7212025,463,406,57
LK-7212030,442,361,81
LK-7212035,617,534,83
LK-7212040,328,285,43
LK-7212045,266,231,35
LK-7212050,565,511,54
LK-7212055,236,209,27
LK-7212060,292,267,25
LK-7212065,341,306,35
LK-7212070,384,354,30
LK-7212075,509,458,51
LK-7212080,591,516,75
LK-7212085,241,222,19
LK-7212090,408,353,55
LK-7212095,420,397,23
LK-7212100,332,290,42
LK-7212105,237,212,25
LK-7212110,155,146,9
LK-7212115,533,470,63
LK-7212120,854,764,90
LK-7212125,295,268,27
LK-7212130,346,304,42
LK-7212135,454,396,58
LK-7212140,730,625,105
LK-7212145,301,275,26
LK-7212150,406,328,78
LK-7212155,341,316,25
LK-7212160,654,566,88
LK-7212165,528,498,30
LK-7212170,436,382,54
LK-7212175,331,305,26
LK-7212180,444,393,51
LK-7212185,197,177,20
LK-7212190,410,370,40
LK-7212195,511,436,75
LK-7212200,522,461,61
LK-7212205,362,315,47
LK-7212210,830,717,113
LK-7212215,265,236,29
LK-7212220,250,199,51
LK-7212225,600,545,55
LK-7212230,248,221,27
LK-7212235,721,598,123
LK-7212240,492,446,46
LK-7212245,286,248,38
LK-7212250,404,352,52
LK-7212255,209,188,21
LK-7212260,606,497,109
LK-7212265,641,546,95
LK-7212270,667,581,86
LK-7212275,736,611,125
LK-7212280,393,325,68
LK-7215,24196,21641,2555
LK-7215005,437,404,33
LK-7215010,353,307,46
LK-7215015,308,269,39
LK-7215020,272,250,22
LK-7215025,545,506,39
LK-7215030,485,419,66
LK-7215035,259,236,23
LK-7215040,371,329,42
LK-7215045,286,259,27
LK-7215050,412,375,37
LK-7215055,244,233,11
LK-7215060,327,307,20
LK-7215065,178,162,16
LK-7215070,325,299,26
LK-7215075,321,286,35
LK-7215080,276,263,13
LK-7215085,436,415,21
LK-7215090,275,242,33
LK-7215095,329,300,29
LK-7215100,260,236,24
LK-7215105,591,545,46
LK-7215110,518,480,38
LK-7215115,366,338,28
LK-7215120,455,419,36
LK-7215125,438,397,41
LK-7215130,716,638,78
LK-7215135,343,289,54
LK-7215140,246,215,31
LK-7215145,355,331,24
LK-7215150,333,288,45
LK-7215155,336,317,19
LK-7215160,434,391,43
LK-7215165,326,272,54
LK-7215170,563,480,83
LK-7215175,522,460,62
LK-7215180,346,320,26
LK-7215185,487,425,62
LK-7215190,1349,1192,157
LK-7215195,504,419,85
LK-7215200,676,610,66
LK-7215205,465,404,61
LK-7215210,801,687,114
LK-7215215,440,386,54
LK-7215220,545,529,16
LK-7215225,587,517,70
LK-7215230,562,510,52
LK-7215235,728,669,59
LK-7215240,509,468,41
LK-7215245,414,382,32
LK-7215250,405,289,116
LK-7215255,261,226,35
LK-7215260,264,236,28
LK-7215265,263,240,23
LK-7215270,632,571,61
LK-7215275,717,604,113
LK-7218,13481,12207,1274
LK-7218005,569,525,44
LK-7218010,464,428,36
LK-7218015,975,859,116
LK-7218020,461,424,37
LK-7218025,227,205,22
LK-7218030,376,349,27
LK-7218035,428,400,28
LK-7218040,576,499,77
LK-7218045,315,286,29
LK-7218050,688,613,75
LK-7218055,543,497,46
LK-7218060,618,546,72
LK-7218065,477,449,28
LK-7218070,516,464,52
LK-7218075,428,392,36
LK-7218080,209,184,25
LK-7218085,375,341,34
LK-7218090,288,258,30
LK-7218095,587,528,59
LK-7218100,707,651,56
LK-7218105,224,207,17
LK-7218110,643,575,68
LK-7218115,244,223,21
LK-7218120,743,669,74
LK-7218125,751,686,65
LK-7218130,452,409,43
LK-7218135,263,234,29
LK-7218140,334,306,28
LK-8,374209,330681,43528
LK-81,235944,211178,24766
LK-8103,22811,20420,2391
LK-8103005,533,496,37
LK-8103010,645,588,57
LK-8103015,548,500,48
LK-8103020,595,559,36
LK-8103025,458,422,36
LK-8103030,441,389,52
LK-8103035,538,489,49
LK-8103040,522,468,54
LK-8103045,747,678,69
LK-8103050,657,628,29
LK-8103055,745,666,79
LK-8103060,534,470,64
LK-8103065,474,422,52
LK-8103070,1353,1099,254
LK-8103075,963,865,98
LK-8103080,580,540,40
LK-8103085,517,459,58
LK-8103090,746,680,66
LK-8103095,713,648,65
LK-8103100,668,604,64
LK-8103105,361,335,26
LK-8103110,585,508,77
LK-8103115,619,568,51
LK-8103120,620,530,90
LK-8103125,965,880,85
LK-8103130,709,642,67
LK-8103135,724,648,76
LK-8103140,779,669,110
LK-8103145,636,558,78
LK-8103150,654,578,76
LK-8103155,643,600,43
LK-8103160,864,742,122
LK-8103165,621,546,75
LK-8103170,580,532,48
LK-8103175,474,414,60
LK-8106,15216,13738,1478
LK-8106005,500,459,41
LK-8106010,347,324,23
LK-8106015,636,567,69
LK-8106020,557,515,42
LK-8106025,407,377,30
LK-8106030,266,233,33
LK-8106035,302,274,28
LK-8106040,350,329,21
LK-8106045,620,564,56
LK-8106050,98,96,2
LK-8106055,303,268,35
LK-8106060,193,174,19
LK-8106065,459,417,42
LK-8106070,622,567,55
LK-8106075,518,455,63
LK-8106080,533,458,75
LK-8106085,529,494,35
LK-8106090,644,591,53
LK-8106095,323,296,27
LK-8106100,169,152,17
LK-8106105,237,226,11
LK-8106110,354,338,16
LK-8106115,438,396,42
LK-8106120,543,488,55
LK-8106125,358,322,36
LK-8106130,195,168,27
LK-8106135,162,149,13
LK-8106140,537,480,57
LK-8106145,190,170,20
LK-8106150,414,388,26
LK-8106155,311,293,18
LK-8106160,309,276,33
LK-8106165,294,264,30
LK-8106170,150,134,16
LK-8106175,225,201,24
LK-8106180,262,227,35
LK-8106185,456,396,60
LK-8106190,221,199,22
LK-8106195,300,267,33
LK-8106200,252,205,47
LK-8106205,233,196,37
LK-8106210,399,345,54
LK-8109,6015,5321,694
LK-8109005,479,421,58
LK-8109010,354,327,27
LK-8109015,429,371,58
LK-8109020,340,300,40
LK-8109025,214,195,19
LK-8109030,120,106,14
LK-8109035,101,94,7
LK-8109040,648,561,87
LK-8109045,262,241,21
LK-8109050,140,113,27
LK-8109055,222,184,38
LK-8109060,208,184,24
LK-8109065,375,336,39
LK-8109070,462,390,72
LK-8109075,358,325,33
LK-8109080,466,432,34
LK-8109085,196,172,24
LK-8109090,268,226,42
LK-8109095,174,157,17
LK-8109100,199,186,13
LK-8112,6774,6164,610
LK-8112005,328,301,27
LK-8112010,291,266,25
LK-8112015,244,214,30
LK-8112020,217,194,23
LK-8112025,317,278,39
LK-8112030,538,496,42
LK-8112035,282,246,36
LK-8112040,211,205,6
LK-8112045,366,326,40
LK-8112050,305,292,13
LK-8112055,247,230,17
LK-8112060,300,271,29
LK-8112065,182,171,11
LK-8112070,196,178,18
LK-8112075,192,182,10
LK-8112080,165,154,11
LK-8112085,133,116,17
LK-8112090,231,206,25
LK-8112095,267,245,22
LK-8112100,191,175,16
LK-8112105,136,120,16
LK-8112110,198,177,21
LK-8112115,243,226,17
LK-8112120,341,311,30
LK-8112125,465,410,55
LK-8112130,188,174,14
LK-8115,6861,6011,850
LK-8115005,107,89,18
LK-8115010,156,130,26
LK-8115015,119,106,13
LK-8115020,304,264,40
LK-8115025,148,139,9
LK-8115030,153,143,10
LK-8115035,94,85,9
LK-8115040,278,240,38
LK-8115045,255,241,14
LK-8115050,162,140,22
LK-8115055,296,257,39
LK-8115060,239,222,17
LK-8115065,452,398,54
LK-8115070,274,234,40
LK-8115075,229,210,19
LK-8115080,233,208,25
LK-8115085,361,322,39
LK-8115090,363,285,78
LK-8115095,181,147,34
LK-8115100,255,224,31
LK-8115105,556,492,64
LK-8115110,457,378,79
LK-8115115,195,174,21
LK-8115120,525,456,69
LK-8115125,469,427,42
LK-8118,14361,12704,1657
LK-8118005,199,181,18
LK-8118010,225,197,28
LK-8118015,298,269,29
LK-8118020,360,329,31
LK-8118025,206,183,23
LK-8118030,253,233,20
LK-8118035,298,260,38
LK-8118040,274,243,31
LK-8118045,481,418,63
LK-8118050,244,216,28
LK-8118055,641,563,78
LK-8118060,286,257,29
LK-8118065,569,502,67
LK-8118070,337,303,34
LK-8118075,740,648,92
LK-8118080,311,292,19
LK-8118085,314,272,42
LK-8118090,234,207,27
LK-8118095,437,358,79
LK-8118100,344,304,40
LK-8118105,307,288,19
LK-8118110,360,322,38
LK-8118115,221,197,24
LK-8118120,284,261,23
LK-8118125,509,450,59
LK-8118130,329,296,33
LK-8118135,626,512,114
LK-8118140,339,285,54
LK-8118145,415,375,40
LK-8118150,166,152,14
LK-8118155,489,446,43
LK-8118160,481,425,56
LK-8118165,388,352,36
LK-8118170,257,224,33
LK-8118175,551,471,80
LK-8118180,558,490,68
LK-8118185,320,281,39
LK-8118190,113,101,12
LK-8118195,110,97,13
LK-8118200,320,291,29
LK-8118205,167,153,14
LK-8119,9597,8329,1268
LK-8119005,292,262,30
LK-8119010,318,268,50
LK-8119015,107,93,14
LK-8119020,576,455,121
LK-8119025,147,136,11
LK-8119030,477,415,62
LK-8119035,126,113,13
LK-8119040,278,244,34
LK-8119045,435,395,40
LK-8119050,377,343,34
LK-8119055,124,116,8
LK-8119060,338,309,29
LK-8119065,423,344,79
LK-8119070,413,343,70
LK-8119075,871,784,87
LK-8119080,380,344,36
LK-8119085,303,263,40
LK-8119090,231,198,33
LK-8119095,88,72,16
LK-8119100,215,187,28
LK-8119105,585,487,98
LK-8119110,565,487,78
LK-8119115,322,278,44
LK-8119120,246,209,37
LK-8119125,232,211,21
LK-8119130,329,282,47
LK-8119135,593,522,71
LK-8119140,206,169,37
LK-8121,20620,18460,2160
LK-8121005,785,714,71
LK-8121010,1130,1043,87
LK-8121015,633,582,51
LK-8121020,652,587,65
LK-8121025,629,551,78
LK-8121030,928,788,140
LK-8121035,480,425,55
LK-8121040,513,459,54
LK-8121045,589,535,54
LK-8121050,988,911,77
LK-8121055,420,368,52
LK-8121060,628,586,42
LK-8121065,1175,1092,83
LK-8121070,876,781,95
LK-8121075,736,669,67
LK-8121080,716,629,87
LK-8121085,1006,905,101
LK-8121090,1147,979,168
LK-8121095,834,749,85
LK-8121100,677,597,80
LK-8121105,406,359,47
LK-8121110,537,480,57
LK-8121115,274,255,19
LK-8121120,586,515,71
LK-8121125,280,227,53
LK-8121130,653,545,108
LK-8121135,616,532,84
LK-8121140,1168,1077,91
LK-8121145,558,520,38
LK-8124,26204,23530,2674
LK-8124005,352,313,39
LK-8124010,408,359,49
LK-8124015,513,430,83
LK-8124020,142,124,18
LK-8124025,235,207,28
LK-8124030,289,255,34
LK-8124035,425,375,50
LK-8124040,546,454,92
LK-8124045,410,368,42
LK-8124050,310,284,26
LK-8124055,453,414,39
LK-8124060,613,549,64
LK-8124065,842,737,105
LK-8124070,893,799,94
LK-8124075,494,454,40
LK-8124080,301,278,23
LK-8124085,275,264,11
LK-8124090,615,503,112
LK-8124095,963,853,110
LK-8124100,259,230,29
LK-8124105,525,470,55
LK-8124110,246,215,31
LK-8124115,606,572,34
LK-8124120,198,184,14
LK-8124125,252,233,19
LK-8124130,458,442,16
LK-8124135,753,663,90
LK-8124140,413,365,48
LK-8124145,284,255,29
LK-8124150,522,468,54
LK-8124155,698,640,58
LK-8124160,603,536,67
LK-8124165,617,532,85
LK-8124170,291,253,38
LK-8124175,448,414,34
LK-8124180,239,215,24
LK-8124185,410,372,38
LK-8124190,666,608,58
LK-8124195,551,497,54
LK-8124200,644,563,81
LK-8124205,421,385,36
LK-8124210,739,678,61
LK-8124215,350,327,23
LK-8124220,507,474,33
LK-8124225,305,273,32
LK-8124230,481,448,33
LK-8124235,354,316,38
LK-8124240,569,511,58
LK-8124245,227,204,23
LK-8124250,358,331,27
LK-8124255,621,550,71
LK-8124260,412,374,38
LK-8124265,373,344,29
LK-8124270,515,464,51
LK-8124275,385,352,33
LK-8124280,507,458,49
LK-8124285,318,294,24
LK-8127,22425,20403,2022
LK-8127005,269,236,33
LK-8127010,273,249,24
LK-8127015,208,192,16
LK-8127020,215,194,21
LK-8127025,185,168,17
LK-8127030,183,167,16
LK-8127035,158,140,18
LK-8127040,158,144,14
LK-8127045,293,256,37
LK-8127050,345,300,45
LK-8127055,442,374,68
LK-8127060,195,164,31
LK-8127065,433,401,32
LK-8127070,263,225,38
LK-8127075,232,204,28
LK-8127080,213,203,10
LK-8127085,203,185,18
LK-8127090,385,345,40
LK-8127095,343,317,26
LK-8127100,683,599,84
LK-8127105,463,387,76
LK-8127110,200,186,14
LK-8127115,328,302,26
LK-8127120,278,251,27
LK-8127125,297,274,23
LK-8127130,133,118,15
LK-8127135,295,279,16
LK-8127140,305,272,33
LK-8127145,282,270,12
LK-8127150,235,224,11
LK-8127155,347,304,43
LK-8127160,131,115,16
LK-8127165,502,438,64
LK-8127170,355,314,41
LK-8127175,291,259,32
LK-8127180,276,229,47
LK-8127185,294,262,32
LK-8127190,244,216,28
LK-8127195,232,218,14
LK-8127200,287,261,26
LK-8127205,421,393,28
LK-8127210,135,128,7
LK-8127215,510,468,42
LK-8127220,394,340,54
LK-8127225,311,276,35
LK-8127230,272,247,25
LK-8127235,540,490,50
LK-8127240,385,359,26
LK-8127245,470,450,20
LK-8127250,373,353,20
LK-8127255,541,506,35
LK-8127260,506,477,29
LK-8127265,534,488,46
LK-8127270,335,319,16
LK-8127275,288,278,10
LK-8127280,478,440,38
LK-8127285,270,258,12
LK-8127290,472,411,61
LK-8127295,559,516,43
LK-8127300,426,404,22
LK-8127305,232,207,25
LK-8127310,340,314,26
LK-8127315,313,297,16
LK-8127320,138,126,12
LK-8127325,237,218,19
LK-8127330,550,498,52
LK-8127335,361,346,15
LK-8127340,580,554,26
LK-8130,27827,25507,2320
LK-8130005,654,589,65
LK-8130010,579,512,67
LK-8130015,442,406,36
LK-8130020,776,702,74
LK-8130025,650,597,53
LK-8130030,557,505,52
LK-8130035,535,488,47
LK-8130040,493,465,28
LK-8130045,439,404,35
LK-8130050,433,403,30
LK-8130055,359,331,28
LK-8130060,200,191,9
LK-8130065,546,525,21
LK-8130070,551,525,26
LK-8130075,552,482,70
LK-8130080,462,426,36
LK-8130085,538,475,63
LK-8130090,286,269,17
LK-8130095,215,206,9
LK-8130100,245,220,25
LK-8130105,672,613,59
LK-8130110,145,143,2
LK-8130115,408,376,32
LK-8130120,670,599,71
LK-8130125,413,397,16
LK-8130130,451,439,12
LK-8130135,347,319,28
LK-8130140,354,338,16
LK-8130145,280,258,22
LK-8130150,571,533,38
LK-8130155,192,172,20
LK-8130160,372,341,31
LK-8130165,509,462,47
LK-8130170,439,406,33
LK-8130175,576,538,38
LK-8130180,535,490,45
LK-8130185,578,527,51
LK-8130190,278,254,24
LK-8130195,365,335,30
LK-8130200,461,429,32
LK-8130205,305,275,30
LK-8130210,563,497,66
LK-8130215,233,218,15
LK-8130220,735,680,55
LK-8130225,377,358,19
LK-8130230,342,280,62
LK-8130235,253,222,31
LK-8130240,306,283,23
LK-8130245,409,380,29
LK-8130250,349,327,22
LK-8130255,428,401,27
LK-8130260,420,391,29
LK-8130265,428,386,42
LK-8130270,507,452,55
LK-8130275,615,567,48
LK-8130280,454,417,37
LK-8130285,90,51,39
LK-8130290,422,388,34
LK-8130295,434,399,35
LK-8130300,407,369,38
LK-8130305,242,219,23
LK-8130310,430,401,29
LK-8130315,166,125,41
LK-8130320,784,731,53
LK-8133,18495,16424,2071
LK-8133005,380,323,57
LK-8133010,370,325,45
LK-8133015,303,276,27
LK-8133020,439,397,42
LK-8133025,720,636,84
LK-8133030,718,650,68
LK-8133035,776,677,99
LK-8133040,794,713,81
LK-8133045,677,629,48
LK-8133050,443,388,55
LK-8133055,711,643,68
LK-8133060,599,519,80
LK-8133065,945,756,189
LK-8133070,958,778,180
LK-8133075,624,560,64
LK-8133080,418,391,27
LK-8133085,426,398,28
LK-8133090,476,440,36
LK-8133095,305,211,94
LK-8133100,508,458,50
LK-8133105,506,458,48
LK-8133110,930,811,119
LK-8133115,653,592,61
LK-8133120,498,441,57
LK-8133125,188,183,5
LK-8133130,426,366,60
LK-8133135,373,329,44
LK-8133140,312,289,23
LK-8133145,174,163,11
LK-8133150,515,515,0
LK-8133155,569,496,73
LK-8133160,340,305,35
LK-8133165,139,132,7
LK-8133170,230,223,7
LK-8133175,1052,953,99
LK-8136,13040,11623,1417
LK-8136005,592,515,77
LK-8136010,544,511,33
LK-8136015,508,399,109
LK-8136020,730,620,110
LK-8136025,506,439,67
LK-8136030,529,477,52
LK-8136035,496,444,52
LK-8136040,270,241,29
LK-8136045,529,462,67
LK-8136050,319,289,30
LK-8136055,308,279,29
LK-8136060,267,249,18
LK-8136065,333,297,36
LK-8136070,331,300,31
LK-8136075,219,215,4
LK-8136080,391,347,44
LK-8136085,367,336,31
LK-8136090,169,153,16
LK-8136095,400,352,48
LK-8136100,390,350,40
LK-8136105,432,398,34
LK-8136110,558,494,64
LK-8136115,689,593,96
LK-8136120,659,626,33
LK-8136125,394,363,31
LK-8136130,134,128,6
LK-8136135,460,407,53
LK-8136140,279,230,49
LK-8136145,211,188,23
LK-8136150,520,456,64
LK-8136155,320,296,24
LK-8136160,186,169,17
LK-8139,13986,12395,1591
LK-8139005,404,355,49
LK-8139010,464,417,47
LK-8139015,515,449,66
LK-8139020,653,603,50
LK-8139025,468,420,48
LK-8139030,609,545,64
LK-8139035,445,395,50
LK-8139040,706,624,82
LK-8139045,394,319,75
LK-8139050,375,315,60
LK-8139055,351,297,54
LK-8139060,663,580,83
LK-8139065,347,315,32
LK-8139070,616,521,95
LK-8139075,705,634,71
LK-8139080,466,414,52
LK-8139085,458,413,45
LK-8139090,661,602,59
LK-8139095,285,255,30
LK-8139100,565,492,73
LK-8139105,152,137,15
LK-8139110,991,922,69
LK-8139115,794,686,108
LK-8139120,1182,1064,118
LK-8139125,316,279,37
LK-8139130,401,342,59
LK-8142,11712,10149,1563
LK-8142005,353,312,41
LK-8142010,286,246,40
LK-8142015,492,427,65
LK-8142020,846,697,149
LK-8142025,793,707,86
LK-8142030,84,76,8
LK-8142035,209,185,24
LK-8142040,122,92,30
LK-8142045,297,221,76
LK-8142050,624,518,106
LK-8142055,764,631,133
LK-8142060,291,273,18
LK-8142065,1145,985,160
LK-8142070,514,446,68
LK-8142075,422,364,58
LK-8142080,295,257,38
LK-8142085,131,119,12
LK-8142090,176,163,13
LK-8142095,256,221,35
LK-8142100,205,173,32
LK-8142105,203,188,15
LK-8142110,183,162,21
LK-8142115,183,165,18
LK-8142120,310,292,18
LK-8142125,236,186,50
LK-8142130,193,176,17
LK-8142135,145,126,19
LK-8142140,205,183,22
LK-8142145,185,168,17
LK-8142150,133,124,9
LK-8142155,114,101,13
LK-8142160,202,182,20
LK-8142165,203,186,17
LK-8142170,118,105,13
LK-8142175,68,61,7
LK-8142180,125,113,12
LK-8142185,233,208,25
LK-8142190,50,47,3
LK-8142195,318,263,55
LK-82,138265,119503,18762
LK-8203,12416,10878,1538
LK-8203005,109,94,15
LK-8203010,200,192,8
LK-8203015,291,249,42
LK-8203020,224,201,23
LK-8203025,148,134,14
LK-8203030,184,158,26
LK-8203035,425,373,52
LK-8203040,393,295,98
LK-8203045,333,281,52
LK-8203050,257,219,38
LK-8203055,288,249,39
LK-8203060,244,228,16
LK-8203065,495,365,130
LK-8203070,328,305,23
LK-8203075,308,272,36
LK-8203080,322,297,25
LK-8203085,424,390,34
LK-8203090,362,341,21
LK-8203095,215,202,13
LK-8203100,304,277,27
LK-8203105,334,274,60
LK-8203110,267,241,26
LK-8203115,210,191,19
LK-8203120,280,254,26
LK-8203125,503,445,58
LK-8203130,334,292,42
LK-8203135,520,433,87
LK-8203140,405,353,52
LK-8203145,513,404,109
LK-8203150,254,224,30
LK-8203155,372,328,44
LK-8203160,248,226,22
LK-8203165,584,530,54
LK-8203170,206,188,18
LK-8203175,296,271,25
LK-8203180,270,235,35
LK-8203185,237,220,17
LK-8203190,244,214,30
LK-8203195,207,188,19
LK-8203200,278,245,33
LK-8206,9670,8186,1484
LK-8206005,161,119,42
LK-8206010,252,221,31
LK-8206015,345,307,38
LK-8206020,452,353,99
LK-8206025,228,206,22
LK-8206030,199,173,26
LK-8206035,262,233,29
LK-8206040,191,177,14
LK-8206045,189,153,36
LK-8206050,277,233,44
LK-8206055,325,264,61
LK-8206060,120,100,20
LK-8206065,126,110,16
LK-8206070,269,226,43
LK-8206075,312,272,40
LK-8206080,397,346,51
LK-8206085,280,240,40
LK-8206090,279,239,40
LK-8206095,271,233,38
LK-8206100,304,262,42
LK-8206105,192,168,24
LK-8206110,218,194,24
LK-8206115,203,166,37
LK-8206120,168,161,7
LK-8206125,231,195,36
LK-8206130,268,226,42
LK-8206135,208,177,31
LK-8206140,259,224,35
LK-8206145,188,147,41
LK-8206150,195,162,33
LK-8206155,174,139,35
LK-8206160,224,199,25
LK-8206165,292,253,39
LK-8206170,453,359,94
LK-8206175,426,353,73
LK-8206180,278,216,62
LK-8206185,208,171,37
LK-8206190,246,209,37
LK-8209,10907,9452,1455
LK-8209005,306,264,42
LK-8209010,301,260,41
LK-8209015,423,350,73
LK-8209020,364,318,46
LK-8209025,392,345,47
LK-8209030,252,215,37
LK-8209035,334,301,33
LK-8209040,279,234,45
LK-8209045,298,257,41
LK-8209050,381,323,58
LK-8209055,347,292,55
LK-8209060,264,216,48
LK-8209065,252,229,23
LK-8209070,150,125,25
LK-8209075,206,185,21
LK-8209080,268,241,27
LK-8209085,373,329,44
LK-8209090,277,254,23
LK-8209095,378,331,47
LK-8209100,351,312,39
LK-8209105,282,251,31
LK-8209110,474,418,56
LK-8209115,435,394,41
LK-8209120,251,234,17
LK-8209125,254,220,34
LK-8209130,242,186,56
LK-8209135,303,254,49
LK-8209140,351,311,40
LK-8209145,145,121,24
LK-8209150,567,489,78
LK-8209155,311,265,46
LK-8209160,202,176,26
LK-8209165,364,305,59
LK-8209170,312,265,47
LK-8209175,218,182,36
LK-8212,15955,13768,2187
LK-8212005,269,246,23
LK-8212010,402,320,82
LK-8212015,370,327,43
LK-8212020,303,259,44
LK-8212025,163,139,24
LK-8212030,218,206,12
LK-8212035,394,329,65
LK-8212040,347,295,52
LK-8212045,228,193,35
LK-8212050,182,175,7
LK-8212055,426,348,78
LK-8212060,185,155,30
LK-8212065,218,173,45
LK-8212070,245,224,21
LK-8212075,227,200,27
LK-8212080,429,362,67
LK-8212085,200,176,24
LK-8212090,233,212,21
LK-8212095,353,291,62
LK-8212100,305,282,23
LK-8212105,293,254,39
LK-8212110,189,165,24
LK-8212115,424,368,56
LK-8212120,232,203,29
LK-8212125,341,298,43
LK-8212130,602,536,66
LK-8212135,443,370,73
LK-8212140,377,305,72
LK-8212145,322,268,54
LK-8212150,299,247,52
LK-8212155,308,261,47
LK-8212160,718,605,113
LK-8212165,378,327,51
LK-8212170,234,196,38
LK-8212175,223,202,21
LK-8212180,457,378,79
LK-8212185,331,282,49
LK-8212190,329,274,55
LK-8212195,265,241,24
LK-8212200,304,271,33
LK-8212205,401,341,60
LK-8212210,461,446,15
LK-8212215,357,323,34
LK-8212220,295,249,46
LK-8212225,474,408,66
LK-8212230,459,388,71
LK-8212235,270,237,33
LK-8212240,472,413,59
LK-8215,14718,12677,2041
LK-8215005,471,404,67
LK-8215010,405,364,41
LK-8215015,245,208,37
LK-8215020,282,236,46
LK-8215025,605,539,66
LK-8215030,387,368,19
LK-8215035,551,494,57
LK-8215040,613,520,93
LK-8215045,770,665,105
LK-8215050,586,517,69
LK-8215055,678,576,102
LK-8215060,499,438,61
LK-8215065,322,261,61
LK-8215070,494,415,79
LK-8215075,272,240,32
LK-8215080,566,473,93
LK-8215085,725,633,92
LK-8215090,1078,880,198
LK-8215095,1477,1280,197
LK-8215100,696,592,104
LK-8215105,789,648,141
LK-8215110,733,632,101
LK-8215115,442,381,61
LK-8215120,264,244,20
LK-8215125,470,431,39
LK-8215130,298,238,60
LK-8218,12271,10776,1495
LK-8218005,168,147,21
LK-8218010,329,280,49
LK-8218015,246,225,21
LK-8218020,156,131,25
LK-8218025,335,293,42
LK-8218030,268,241,27
LK-8218035,280,254,26
LK-8218040,280,259,21
LK-8218045,204,183,21
LK-8218050,260,236,24
LK-8218055,420,342,78
LK-8218060,232,211,21
LK-8218065,300,261,39
LK-8218070,542,476,66
LK-8218075,346,324,22
LK-8218080,480,416,64
LK-8218085,335,296,39
LK-8218090,444,382,62
LK-8218095,290,248,42
LK-8218100,371,331,40
LK-8218105,457,399,58
LK-8218110,248,225,23
LK-8218115,326,307,19
LK-8218120,150,139,11
LK-8218125,260,219,41
LK-8218130,347,316,31
LK-8218135,191,156,35
LK-8218140,458,398,60
LK-8218145,563,458,105
LK-8218150,165,143,22
LK-8218155,267,240,27
LK-8218160,143,125,18
LK-8218165,356,312,44
LK-8218170,150,134,16
LK-8218175,152,133,19
LK-8218180,173,163,10
LK-8218185,266,236,30
LK-8218190,263,230,33
LK-8218195,161,133,28
LK-8218200,452,378,74
LK-8218205,437,396,41
LK-8221,18597,16405,2192
LK-8221005,484,449,35
LK-8221010,550,489,61
LK-8221015,455,420,35
LK-8221020,767,684,83
LK-8221025,501,479,22
LK-8221030,307,287,20
LK-8221035,570,483,87
LK-8221040,1163,1076,87
LK-8221045,516,471,45
LK-8221050,512,435,77
LK-8221055,1587,1432,155
LK-8221060,672,585,87
LK-8221065,684,598,86
LK-8221070,576,508,68
LK-8221075,576,508,68
LK-8221080,628,569,59
LK-8221085,508,429,79
LK-8221090,823,694,129
LK-8221095,571,511,60
LK-8221100,444,390,54
LK-8221105,408,358,50
LK-8221110,592,472,120
LK-8221115,925,803,122
LK-8221120,679,615,64
LK-8221125,378,333,45
LK-8221130,923,749,174
LK-8221135,394,359,35
LK-8221140,660,601,59
LK-8221145,744,618,126
LK-8224,16143,14013,2130
LK-8224005,353,311,42
LK-8224010,471,432,39
LK-8224015,802,722,80
LK-8224020,667,580,87
LK-8224025,590,509,81
LK-8224030,668,568,100
LK-8224035,648,544,104
LK-8224040,546,490,56
LK-8224045,444,412,32
LK-8224050,400,344,56
LK-8224055,505,460,45
LK-8224060,749,618,131
LK-8224065,202,171,31
LK-8224070,458,411,47
LK-8224075,552,496,56
LK-8224080,763,593,170
LK-8224085,500,458,42
LK-8224090,403,348,55
LK-8224095,640,603,37
LK-8224100,361,327,34
LK-8224105,801,719,82
LK-8224110,571,506,65
LK-8224115,436,391,45
LK-8224120,553,500,53
LK-8224125,817,508,309
LK-8224130,369,326,43
LK-8224135,574,518,56
LK-8224140,486,461,25
LK-8224145,814,687,127
LK-8227,5770,4727,1043
LK-8227005,594,495,99
LK-8227010,998,870,128
LK-8227015,1496,1213,283
LK-8227020,1345,1074,271
LK-8227025,1337,1075,262
LK-8230,8885,7445,1440
LK-8230005,879,726,153
LK-8230010,1009,828,181
LK-8230015,693,599,94
LK-8230020,792,656,136
LK-8230025,647,541,106
LK-8230030,599,460,139
LK-8230035,332,299,33
LK-8230040,742,634,108
LK-8230045,278,246,32
LK-8230050,284,247,37
LK-8230055,589,487,102
LK-8230060,463,375,88
LK-8230065,939,810,129
LK-8230070,639,537,102
LK-8233,12933,11176,1757
LK-8233005,2036,1744,292
LK-8233010,849,684,165
LK-8233015,663,512,151
LK-8233020,280,249,31
LK-8233025,252,209,43
LK-8233030,913,793,120
LK-8233035,1430,1248,182
LK-8233040,1007,878,129
LK-8233045,476,433,43
LK-8233050,437,399,38
LK-8233055,1668,1472,196
LK-8233060,1134,946,188
LK-8233065,903,812,91
LK-8233070,885,797,88
LK-9,570544,503686,66858
LK-91,326169,284282,41887
LK-9103,25220,22418,2802
LK-9103005,909,777,132
LK-9103010,541,493,48
LK-9103015,442,384,58
LK-9103020,448,411,37
LK-9103025,384,347,37
LK-9103030,1077,967,110
LK-9103035,739,644,95
LK-9103040,678,629,49
LK-9103045,368,341,27
LK-9103050,275,246,29
LK-9103055,204,178,26
LK-9103060,461,394,67
LK-9103065,199,171,28
LK-9103070,250,217,33
LK-9103075,298,274,24
LK-9103080,397,371,26
LK-9103085,425,418,7
LK-9103090,325,295,30
LK-9103095,373,298,75
LK-9103100,399,350,49
LK-9103105,601,514,87
LK-9103110,435,402,33
LK-9103115,806,726,80
LK-9103120,651,586,65
LK-9103125,366,303,63
LK-9103130,229,204,25
LK-9103135,181,164,17
LK-9103140,801,748,53
LK-9103141,666,586,80
LK-9103142,688,601,87
LK-9103143,925,809,116
LK-9103144,612,561,51
LK-9103145,290,263,27
LK-9103146,767,717,50
LK-9103147,923,851,72
LK-9103148,737,663,74
LK-9103149,518,470,48
LK-9103150,350,320,30
LK-9103155,500,457,43
LK-9103160,380,346,34
LK-9103165,187,165,22
LK-9103170,463,407,56
LK-9103175,265,245,20
LK-9103180,896,688,208
LK-9103185,381,321,60
LK-9103190,516,478,38
LK-9103195,352,306,46
LK-9103200,427,347,80
LK-9103205,459,381,78
LK-9103220,656,584,72
LK-9106,21254,18845,2409
LK-9106020,917,826,91
LK-9106045,1022,901,121
LK-9106050,859,738,121
LK-9106055,575,470,105
LK-9106060,508,409,99
LK-9106065,349,239,110
LK-9106070,565,469,96
LK-9106075,701,559,142
LK-9106080,459,379,80
LK-9106085,665,579,86
LK-9106090,539,490,49
LK-9106095,1025,938,87
LK-9106105,300,284,16
LK-9106110,584,521,63
LK-9106115,682,637,45
LK-9106120,714,666,48
LK-9106125,626,593,33
LK-9106130,467,413,54
LK-9106135,225,202,23
LK-9106140,499,454,45
LK-9106145,734,671,63
LK-9106150,1176,1053,123
LK-9106155,649,578,71
LK-9106160,584,549,35
LK-9106165,1267,1110,157
LK-9106170,836,769,67
LK-9106175,371,331,40
LK-9106180,1036,926,110
LK-9106185,1001,903,98
LK-9106190,659,592,67
LK-9106195,660,596,64
LK-9109,10716,9549,1167
LK-9109005,608,538,70
LK-9109010,974,869,105
LK-9109015,228,207,21
LK-9109020,683,619,64
LK-9109025,536,480,56
LK-9109030,396,365,31
LK-9109035,369,321,48
LK-9109040,362,289,73
LK-9109045,456,429,27
LK-9109050,247,221,26
LK-9109051,549,495,54
LK-9109052,447,402,45
LK-9109055,800,686,114
LK-9109060,375,324,51
LK-9109065,738,632,106
LK-9109070,973,857,116
LK-9109075,941,864,77
LK-9109080,788,719,69
LK-9109085,246,232,14
LK-9112,34461,30243,4218
LK-9112005,546,451,95
LK-9112010,507,374,133
LK-9112015,515,377,138
LK-9112020,321,262,59
LK-9112025,346,307,39
LK-9112030,358,309,49
LK-9112035,865,745,120
LK-9112040,626,588,38
LK-9112045,763,681,82
LK-9112050,508,439,69
LK-9112055,489,451,38
LK-9112060,1385,1192,193
LK-9112065,501,435,66
LK-9112070,775,626,149
LK-9112075,677,537,140
LK-9112080,391,303,88
LK-9112085,946,805,141
LK-9112090,537,471,66
LK-9112095,737,694,43
LK-9112100,710,607,103
LK-9112105,1771,1633,138
LK-9112110,276,264,12
LK-9112115,874,700,174
LK-9112120,924,810,114
LK-9112125,600,527,73
LK-9112130,609,523,86
LK-9112135,242,223,19
LK-9112140,290,254,36
LK-9112145,625,526,99
LK-9112150,264,230,34
LK-9112155,327,278,49
LK-9112160,375,324,51
LK-9112165,275,232,43
LK-9112170,353,298,55
LK-9112175,658,583,75
LK-9112180,1230,1117,113
LK-9112185,1341,1156,185
LK-9112190,789,700,89
LK-9112195,790,726,64
LK-9112200,298,234,64
LK-9112205,874,774,100
LK-9112210,1356,1242,114
LK-9112215,354,336,18
LK-9112220,732,658,74
LK-9112225,393,358,35
LK-9112230,901,845,56
LK-9112235,775,736,39
LK-9112240,556,504,52
LK-9112245,628,579,49
LK-9112250,555,484,71
LK-9112255,583,537,46
LK-9112260,634,601,33
LK-9112265,706,597,109
LK-9115,18015,15748,2267
LK-9115005,241,217,24
LK-9115010,281,227,54
LK-9115015,181,161,20
LK-9115020,194,157,37
LK-9115025,321,270,51
LK-9115030,373,338,35
LK-9115035,442,407,35
LK-9115040,391,353,38
LK-9115045,981,863,118
LK-9115050,500,447,53
LK-9115055,207,191,16
LK-9115060,156,139,17
LK-9115065,353,309,44
LK-9115070,222,186,36
LK-9115075,322,250,72
LK-9115080,550,460,90
LK-9115085,302,269,33
LK-9115090,100,86,14
LK-9115095,191,166,25
LK-9115100,170,137,33
LK-9115105,147,133,14
LK-9115110,164,113,51
LK-9115115,246,203,43
LK-9115120,293,253,40
LK-9115125,330,282,48
LK-9115130,420,352,68
LK-9115135,294,258,36
LK-9115140,499,457,42
LK-9115145,532,482,50
LK-9115150,302,283,19
LK-9115155,347,319,28
LK-9115160,362,329,33
LK-9115165,285,267,18
LK-9115170,357,323,34
LK-9115175,307,261,46
LK-9115180,284,236,48
LK-9115185,551,495,56
LK-9115190,300,266,34
LK-9115195,277,234,43
LK-9115200,332,287,45
LK-9115205,366,303,63
LK-9115210,335,279,56
LK-9115215,384,346,38
LK-9115220,1074,890,184
LK-9115225,331,300,31
LK-9115230,877,794,83
LK-9115235,444,391,53
LK-9115240,630,572,58
LK-9115245,324,283,41
LK-9115250,143,124,19
LK-9118,24688,21601,3087
LK-9118005,587,492,95
LK-9118010,518,435,83
LK-9118015,293,248,45
LK-9118020,351,317,34
LK-9118025,1649,1428,221
LK-9118030,1153,1053,100
LK-9118035,333,304,29
LK-9118040,312,280,32
LK-9118045,418,375,43
LK-9118050,135,106,29
LK-9118055,165,146,19
LK-9118060,482,426,56
LK-9118065,382,303,79
LK-9118070,247,226,21
LK-9118075,242,208,34
LK-9118080,299,259,40
LK-9118085,209,179,30
LK-9118090,518,487,31
LK-9118095,248,211,37
LK-9118100,223,208,15
LK-9118105,204,183,21
LK-9118110,383,342,41
LK-9118115,474,392,82
LK-9118120,444,398,46
LK-9118125,1163,977,186
LK-9118130,1201,1075,126
LK-9118135,547,493,54
LK-9118140,1084,963,121
LK-9118145,421,379,42
LK-9118150,384,351,33
LK-9118155,547,486,61
LK-9118160,518,473,45
LK-9118165,369,329,40
LK-9118170,686,627,59
LK-9118175,513,401,112
LK-9118180,284,253,31
LK-9118185,693,587,106
LK-9118190,302,251,51
LK-9118195,407,353,54
LK-9118200,620,555,65
LK-9118205,575,498,77
LK-9118210,458,390,68
LK-9118215,478,433,45
LK-9118220,298,253,45
LK-9118225,311,271,40
LK-9118230,169,143,26
LK-9118235,277,223,54
LK-9118240,341,283,58
LK-9118245,262,211,51
LK-9118250,492,438,54
LK-9118255,316,288,28
LK-9118260,357,322,35
LK-9118265,346,289,57
LK-9121,8134,7146,988
LK-9121005,367,287,80
LK-9121010,345,301,44
LK-9121015,371,330,41
LK-9121020,492,427,65
LK-9121025,181,179,2
LK-9121030,418,386,32
LK-9121035,299,256,43
LK-9121040,278,253,25
LK-9121045,704,644,60
LK-9121050,660,589,71
LK-9121055,584,494,90
LK-9121060,389,349,40
LK-9121065,386,337,49
LK-9121070,367,312,55
LK-9121075,611,541,70
LK-9121080,383,348,35
LK-9121085,286,263,23
LK-9121090,435,337,98
LK-9121095,376,338,38
LK-9121100,202,175,27
LK-9124,25431,22765,2666
LK-9124005,354,310,44
LK-9124010,499,434,65
LK-9124015,1250,1044,206
LK-9124020,394,362,32
LK-9124025,880,779,101
LK-9124030,482,453,29
LK-9124035,619,557,62
LK-9124040,512,485,27
LK-9124045,581,548,33
LK-9124050,483,416,67
LK-9124055,537,465,72
LK-9124060,1054,927,127
LK-9124065,629,603,26
LK-9124070,623,535,88
LK-9124075,889,790,99
LK-9124080,699,647,52
LK-9124085,291,274,17
LK-9124090,825,693,132
LK-9124095,640,551,89
LK-9124100,361,316,45
LK-9124105,770,716,54
LK-9124110,1013,907,106
LK-9124115,791,723,68
LK-9124120,430,405,25
LK-9124125,677,645,32
LK-9124130,581,491,90
LK-9124135,347,317,30
LK-9124140,352,342,10
LK-9124145,770,703,67
LK-9124150,602,550,52
LK-9124155,638,581,57
LK-9124160,904,794,110
LK-9124165,1475,1376,99
LK-9124170,986,843,143
LK-9124175,745,650,95
LK-9124180,829,722,107
LK-9124185,919,811,108
LK-9127,11216,9844,1372
LK-9127005,432,365,67
LK-9127010,572,532,40
LK-9127015,524,466,58
LK-9127020,596,547,49
LK-9127025,642,586,56
LK-9127030,584,511,73
LK-9127035,596,494,102
LK-9127040,549,427,122
LK-9127045,353,323,30
LK-9127050,742,670,72
LK-9127055,553,523,30
LK-9127060,452,422,30
LK-9127065,438,409,29
LK-9127070,677,608,69
LK-9127075,770,639,131
LK-9127080,503,451,52
LK-9127085,454,361,93
LK-9127090,427,351,76
LK-9127095,595,533,62
LK-9127100,757,626,131
LK-9130,9916,8384,1532
LK-9130005,783,665,118
LK-9130010,499,432,67
LK-9130015,315,279,36
LK-9130020,520,457,63
LK-9130025,400,372,28
LK-9130030,717,641,76
LK-9130035,603,549,54
LK-9130040,432,295,137
LK-9130045,412,337,75
LK-9130050,359,305,54
LK-9130055,578,485,93
LK-9130060,465,406,59
LK-9130065,262,234,28
LK-9130070,372,304,68
LK-9130075,626,526,100
LK-9130080,356,302,54
LK-9130085,275,232,43
LK-9130090,614,538,76
LK-9130095,439,336,103
LK-9130100,520,401,119
LK-9130105,369,288,81
LK-9133,17126,13746,3380
LK-9133005,857,591,266
LK-9133010,380,327,53
LK-9133015,502,399,103
LK-9133020,645,527,118
LK-9133025,638,550,88
LK-9133030,672,524,148
LK-9133035,752,644,108
LK-9133040,559,468,91
LK-9133045,387,313,74
LK-9133050,472,325,147
LK-9133055,324,242,82
LK-9133060,713,519,194
LK-9133065,421,330,91
LK-9133070,458,419,39
LK-9133075,878,710,168
LK-9133080,605,511,94
LK-9133085,493,407,86
LK-9133090,502,442,60
LK-9133095,461,348,113
LK-9133100,364,262,102
LK-9133105,416,325,91
LK-9133110,374,335,39
LK-9133115,416,359,57
LK-9133120,636,566,70
LK-9133125,399,351,48
LK-9133130,814,681,133
LK-9133135,538,413,125
LK-9133140,428,314,114
LK-9133145,293,239,54
LK-9133150,492,368,124
LK-9133155,507,381,126
LK-9133160,293,235,58
LK-9133165,437,321,116
LK-9136,17880,15347,2533
LK-9136005,654,560,94
LK-9136010,1035,881,154
LK-9136015,779,691,88
LK-9136020,579,511,68
LK-9136025,500,449,51
LK-9136030,558,472,86
LK-9136035,470,407,63
LK-9136040,510,461,49
LK-9136045,856,742,114
LK-9136050,853,737,116
LK-9136055,622,574,48
LK-9136060,618,517,101
LK-9136065,1239,1001,238
LK-9136070,877,761,116
LK-9136075,736,583,153
LK-9136080,619,538,81
LK-9136085,555,497,58
LK-9136090,461,427,34
LK-9136095,1272,1137,135
LK-9136100,1038,859,179
LK-9136105,611,449,162
LK-9136110,751,655,96
LK-9136115,1536,1307,229
LK-9136120,151,131,20
LK-9139,12792,11226,1566
LK-9139005,1097,985,112
LK-9139010,630,560,70
LK-9139015,358,315,43
LK-9139020,1109,980,129
LK-9139025,419,369,50
LK-9139030,947,833,114
LK-9139035,479,422,57
LK-9139040,633,537,96
LK-9139045,434,386,48
LK-9139050,731,648,83
LK-9139055,740,657,83
LK-9139060,218,208,10
LK-9139065,914,812,102
LK-9139070,439,384,55
LK-9139075,547,475,72
LK-9139080,906,800,106
LK-9139085,380,291,89
LK-9139090,714,623,91
LK-9139095,334,290,44
LK-9139100,569,494,75
LK-9139105,194,157,37
LK-9142,22411,19723,2688
LK-9142005,897,823,74
LK-9142010,641,560,81
LK-9142015,520,449,71
LK-9142020,299,273,26
LK-9142025,423,359,64
LK-9142030,425,367,58
LK-9142035,264,226,38
LK-9142040,539,456,83
LK-9142045,276,240,36
LK-9142050,402,351,51
LK-9142055,957,884,73
LK-9142060,457,425,32
LK-9142065,576,490,86
LK-9142070,589,481,108
LK-9142075,357,295,62
LK-9142080,410,366,44
LK-9142085,594,525,69
LK-9142090,371,316,55
LK-9142095,476,458,18
LK-9142100,329,284,45
LK-9142105,229,195,34
LK-9142110,260,245,15
LK-9142115,424,386,38
LK-9142120,522,446,76
LK-9142125,635,553,82
LK-9142130,299,284,15
LK-9142135,643,579,64
LK-9142140,219,208,11
LK-9142145,385,343,42
LK-9142150,324,290,34
LK-9142155,1110,992,118
LK-9142160,565,476,89
LK-9142165,1147,1016,131
LK-9142170,711,614,97
LK-9142175,887,759,128
LK-9142180,744,637,107
LK-9142185,639,569,70
LK-9142190,432,395,37
LK-9142195,480,414,66
LK-9142200,333,295,38
LK-9142205,717,610,107
LK-9142210,341,304,37
LK-9142215,361,306,55
LK-9142220,202,179,23
LK-9145,10675,8967,1708
LK-9145005,335,282,53
LK-9145010,341,290,51
LK-9145015,242,219,23
LK-9145020,324,292,32
LK-9145025,236,206,30
LK-9145030,306,268,38
LK-9145035,306,271,35
LK-9145040,206,157,49
LK-9145045,468,401,67
LK-9145050,371,327,44
LK-9145055,356,319,37
LK-9145060,269,222,47
LK-9145065,192,149,43
LK-9145070,385,287,98
LK-9145075,316,283,33
LK-9145080,381,318,63
LK-9145085,261,230,31
LK-9145090,386,325,61
LK-9145095,370,308,62
LK-9145100,392,325,67
LK-9145105,297,250,47
LK-9145110,346,286,60
LK-9145115,266,207,59
LK-9145120,402,318,84
LK-9145125,551,446,105
LK-9145130,526,446,80
LK-9145135,433,366,67
LK-9145140,316,254,62
LK-9145145,798,668,130
LK-9145150,297,247,50
LK-9148,41452,36187,5265
LK-9148005,719,610,109
LK-9148010,621,545,76
LK-9148015,755,641,114
LK-9148020,903,809,94
LK-9148025,763,702,61
LK-9148030,1166,1017,149
LK-9148035,1029,882,147
LK-9148040,583,491,92
LK-9148045,802,712,90
LK-9148050,1263,1088,175
LK-9148055,983,839,144
LK-9148060,1631,1440,191
LK-9148065,966,838,128
LK-9148070,937,878,59
LK-9148075,700,611,89
LK-9148080,701,621,80
LK-9148085,1514,1343,171
LK-9148090,958,850,108
LK-9148095,801,686,115
LK-9148100,1032,897,135
LK-9148105,1230,1126,104
LK-9148110,1184,1084,100
LK-9148115,1723,1495,228
LK-9148120,1537,1351,186
LK-9148125,1842,1499,343
LK-9148130,815,728,87
LK-9148135,792,656,136
LK-9148140,758,658,100
LK-9148145,805,689,116
LK-9148150,703,631,72
LK-9148155,755,655,100
LK-9148160,840,732,108
LK-9148165,1317,1096,221
LK-9148170,1433,1217,216
LK-9148175,853,742,111
LK-9148180,1696,1476,220
LK-9148185,1156,1063,93
LK-9148190,1239,1106,133
LK-9148195,640,576,64
LK-9148200,1307,1107,200
LK-9151,14782,12543,2239
LK-9151005,747,616,131
LK-9151010,656,571,85
LK-9151015,267,229,38
LK-9151020,356,306,50
LK-9151025,258,225,33
LK-9151030,455,361,94
LK-9151035,220,172,48
LK-9151040,136,123,13
LK-9151045,565,516,49
LK-9151050,522,449,73
LK-9151055,818,651,167
LK-9151060,574,508,66
LK-9151065,754,569,185
LK-9151070,932,809,123
LK-9151075,923,805,118
LK-9151080,493,428,65
LK-9151085,485,411,74
LK-9151090,413,355,58
LK-9151095,776,650,126
LK-9151100,931,744,187
LK-9151105,390,330,60
LK-9151110,442,373,69
LK-9151115,205,180,25
LK-9151120,373,320,53
LK-9151125,501,421,80
LK-9151130,306,279,27
LK-9151135,211,211,0
LK-9151140,507,430,77
LK-9151145,566,501,65
LK-92,244375,219404,24971
LK-9203,24277,22018,2259
LK-9203005,169,143,26
LK-9203010,132,117,15
LK-9203015,144,134,10
LK-9203020,180,167,13
LK-9203025,163,149,14
LK-9203030,324,310,14
LK-9203035,334,303,31
LK-9203040,247,232,15
LK-9203045,132,121,11
LK-9203050,257,231,26
LK-9203055,226,196,30
LK-9203060,200,177,23
LK-9203065,154,140,14
LK-9203070,142,125,17
LK-9203075,255,235,20
LK-9203080,125,123,2
LK-9203085,129,120,9
LK-9203090,374,337,37
LK-9203095,136,129,7
LK-9203100,197,167,30
LK-9203105,334,316,18
LK-9203110,261,239,22
LK-9203115,196,176,20
LK-9203120,320,279,41
LK-9203125,196,177,19
LK-9203130,356,314,42
LK-9203135,210,189,21
LK-9203140,269,245,24
LK-9203145,208,189,19
LK-9203150,305,284,21
LK-9203155,165,159,6
LK-9203160,245,222,23
LK-9203165,328,297,31
LK-9203170,369,347,22
LK-9203175,402,370,32
LK-9203180,209,196,13
LK-9203185,168,148,20
LK-9203190,171,155,16
LK-9203195,224,200,24
LK-9203200,289,248,41
LK-9203205,703,641,62
LK-9203210,358,326,32
LK-9203215,227,195,32
LK-9203220,217,196,21
LK-9203225,243,222,21
LK-9203230,206,198,8
LK-9203235,86,75,11
LK-9203240,447,416,31
LK-9203245,234,219,15
LK-9203250,207,196,11
LK-9203255,141,132,9
LK-9203260,345,320,25
LK-9203265,126,117,9
LK-9203270,404,366,38
LK-9203275,431,398,33
LK-9203280,255,231,24
LK-9203285,195,167,28
LK-9203290,213,197,16
LK-9203295,497,421,76
LK-9203300,754,673,81
LK-9203305,241,208,33
LK-9203310,507,472,35
LK-9203315,370,332,38
LK-9203320,163,149,14
LK-9203325,404,367,37
LK-9203330,328,279,49
LK-9203335,224,207,17
LK-9203340,318,287,31
LK-9203345,334,303,31
LK-9203350,152,142,10
LK-9203355,326,296,30
LK-9203360,178,165,13
LK-9203365,249,217,32
LK-9203370,315,291,24
LK-9203375,247,236,11
LK-9203380,339,314,25
LK-9203385,193,180,13
LK-9203390,409,369,40
LK-9203395,282,248,34
LK-9203400,230,211,19
LK-9203405,286,258,28
LK-9203410,200,168,32
LK-9203415,329,298,31
LK-9203420,198,184,14
LK-9203425,380,348,32
LK-9203430,248,231,17
LK-9203435,549,473,76
LK-9203440,301,269,32
LK-9203445,443,404,39
LK-9206,31071,27935,3136
LK-9206005,482,405,77
LK-9206010,285,261,24
LK-9206015,599,521,78
LK-9206020,260,236,24
LK-9206025,450,407,43
LK-9206030,516,478,38
LK-9206035,278,256,22
LK-9206040,405,372,33
LK-9206045,650,589,61
LK-9206050,491,439,52
LK-9206055,583,532,51
LK-9206060,436,370,66
LK-9206065,237,214,23
LK-9206070,557,503,54
LK-9206075,528,480,48
LK-9206080,875,781,94
LK-9206085,962,881,81
LK-9206090,433,390,43
LK-9206095,376,340,36
LK-9206100,418,349,69
LK-9206105,431,404,27
LK-9206110,612,546,66
LK-9206115,693,618,75
LK-9206120,376,357,19
LK-9206125,1097,1005,92
LK-9206130,382,340,42
LK-9206135,367,322,45
LK-9206140,307,280,27
LK-9206145,683,635,48
LK-9206150,374,335,39
LK-9206155,381,348,33
LK-9206160,872,778,94
LK-9206165,479,431,48
LK-9206170,819,750,69
LK-9206175,521,460,61
LK-9206180,217,196,21
LK-9206185,386,333,53
LK-9206190,507,449,58
LK-9206195,636,580,56
LK-9206200,458,420,38
LK-9206205,390,328,62
LK-9206210,581,531,50
LK-9206215,256,230,26
LK-9206220,286,249,37
LK-9206225,322,289,33
LK-9206230,442,387,55
LK-9206235,508,457,51
LK-9206240,334,306,28
LK-9206245,347,315,32
LK-9206250,256,228,28
LK-9206255,260,246,14
LK-9206260,592,530,62
LK-9206265,157,145,12
LK-9206270,334,278,56
LK-9206275,342,319,23
LK-9206280,285,273,12
LK-9206285,164,148,16
LK-9206290,198,166,32
LK-9206295,390,358,32
LK-9206300,374,336,38
LK-9206305,524,458,66
LK-9206310,243,220,23
LK-9206315,342,307,35
LK-9206320,335,284,51
LK-9206325,160,144,16
LK-9206330,226,215,11
LK-9206335,487,436,51
LK-9206340,329,286,43
LK-9206345,456,422,34
LK-9206350,553,492,61
LK-9206355,179,161,18
LK-9209,20710,18427,2283
LK-9209005,352,321,31
LK-9209010,378,331,47
LK-9209015,301,275,26
LK-9209020,341,310,31
LK-9209025,398,346,52
LK-9209030,365,310,55
LK-9209035,275,222,53
LK-9209040,296,275,21
LK-9209045,436,375,61
LK-9209050,335,304,31
LK-9209055,413,359,54
LK-9209060,304,279,25
LK-9209065,324,287,37
LK-9209070,335,300,35
LK-9209075,431,397,34
LK-9209080,513,436,77
LK-9209085,356,313,43
LK-9209090,254,229,25
LK-9209095,292,268,24
LK-9209100,337,295,42
LK-9209105,322,249,73
LK-9209110,544,481,63
LK-9209115,421,371,50
LK-9209120,243,210,33
LK-9209125,403,354,49
LK-9209130,406,368,38
LK-9209135,265,247,18
LK-9209140,271,263,8
LK-9209145,512,474,38
LK-9209150,320,289,31
LK-9209155,467,416,51
LK-9209160,382,347,35
LK-9209165,330,305,25
LK-9209170,559,526,33
LK-9209175,335,313,22
LK-9209180,397,340,57
LK-9209185,325,281,44
LK-9209190,247,214,33
LK-9209195,205,185,20
LK-9209200,299,265,34
LK-9209205,410,347,63
LK-9209210,298,262,36
LK-9209215,411,367,44
LK-9209220,548,503,45
LK-9209225,239,216,23
LK-9209230,303,275,28
LK-9209235,311,271,40
LK-9209240,283,259,24
LK-9209245,248,221,27
LK-9209250,272,243,29
LK-9209255,421,363,58
LK-9209260,300,263,37
LK-9209265,199,164,35
LK-9209270,293,275,18
LK-9209275,317,273,44
LK-9209280,250,229,21
LK-9209285,461,404,57
LK-9209290,283,245,38
LK-9209295,224,200,24
LK-9209300,166,152,14
LK-9209305,184,165,19
LK-9212,26011,23561,2450
LK-9212005,514,462,52
LK-9212010,434,388,46
LK-9212015,338,326,12
LK-9212020,464,432,32
LK-9212025,324,288,36
LK-9212030,306,263,43
LK-9212035,626,592,34
LK-9212040,1313,1143,170
LK-9212045,525,492,33
LK-9212050,404,376,28
LK-9212055,1200,1085,115
LK-9212060,554,501,53
LK-9212065,435,398,37
LK-9212070,481,447,34
LK-9212075,577,516,61
LK-9212080,575,507,68
LK-9212085,1281,1132,149
LK-9212090,360,321,39
LK-9212095,453,411,42
LK-9212100,328,297,31
LK-9212105,338,307,31
LK-9212110,480,436,44
LK-9212115,382,341,41
LK-9212120,706,645,61
LK-9212125,382,361,21
LK-9212130,368,343,25
LK-9212135,382,339,43
LK-9212140,344,326,18
LK-9212145,514,455,59
LK-9212150,299,273,26
LK-9212155,371,343,28
LK-9212160,347,308,39
LK-9212165,468,435,33
LK-9212170,335,315,20
LK-9212175,374,346,28
LK-9212180,427,388,39
LK-9212185,291,268,23
LK-9212190,373,323,50
LK-9212195,431,402,29
LK-9212200,361,332,29
LK-9212205,322,296,26
LK-9212210,564,501,63
LK-9212215,349,316,33
LK-9212220,268,247,21
LK-9212225,442,378,64
LK-9212230,291,263,28
LK-9212235,297,264,33
LK-9212240,276,256,20
LK-9212245,212,198,14
LK-9212250,227,208,19
LK-9212255,318,293,25
LK-9212260,250,222,28
LK-9212265,283,250,33
LK-9212270,301,288,13
LK-9212275,319,277,42
LK-9212280,320,292,28
LK-9212285,320,280,40
LK-9212290,285,265,20
LK-9212295,397,361,36
LK-9212300,353,307,46
LK-9212305,152,136,16
LK-9215,22020,19792,2228
LK-9215005,564,484,80
LK-9215010,492,486,6
LK-9215015,531,496,35
LK-9215020,412,350,62
LK-9215025,365,344,21
LK-9215030,327,295,32
LK-9215035,517,480,37
LK-9215040,390,355,35
LK-9215045,430,389,41
LK-9215050,301,278,23
LK-9215055,593,531,62
LK-9215060,458,410,48
LK-9215065,446,382,64
LK-9215070,392,349,43
LK-9215075,215,198,17
LK-9215080,447,414,33
LK-9215085,435,396,39
LK-9215090,449,416,33
LK-9215095,495,461,34
LK-9215100,534,483,51
LK-9215105,423,387,36
LK-9215110,387,339,48
LK-9215115,405,353,52
LK-9215120,472,439,33
LK-9215125,740,662,78
LK-9215130,345,324,21
LK-9215135,592,498,94
LK-9215140,550,492,58
LK-9215145,406,383,23
LK-9215150,600,556,44
LK-9215155,377,339,38
LK-9215160,301,257,44
LK-9215165,317,267,50
LK-9215170,452,412,40
LK-9215175,711,621,90
LK-9215180,307,284,23
LK-9215185,340,302,38
LK-9215190,479,419,60
LK-9215195,442,366,76
LK-9215200,480,443,37
LK-9215205,292,258,34
LK-9215210,325,303,22
LK-9215215,309,248,61
LK-9215220,615,536,79
LK-9215225,347,325,22
LK-9215230,468,422,46
LK-9215235,309,285,24
LK-9215240,534,454,80
LK-9215245,291,267,24
LK-9215250,233,213,20
LK-9215255,378,341,37
LK-9218,32741,29344,3397
LK-9218005,512,438,74
LK-9218010,253,224,29
LK-9218015,381,343,38
LK-9218020,647,572,75
LK-9218025,531,473,58
LK-9218030,238,226,12
LK-9218035,617,505,112
LK-9218040,244,217,27
LK-9218045,862,789,73
LK-9218050,239,212,27
LK-9218055,224,206,18
LK-9218060,281,260,21
LK-9218065,373,352,21
LK-9218070,406,368,38
LK-9218075,283,254,29
LK-9218080,226,195,31
LK-9218085,221,203,18
LK-9218090,406,367,39
LK-9218095,608,564,44
LK-9218100,939,849,90
LK-9218105,1209,1046,163
LK-9218110,349,323,26
LK-9218115,720,658,62
LK-9218120,787,706,81
LK-9218125,318,280,38
LK-9218130,610,538,72
LK-9218135,678,613,65
LK-9218140,487,454,33
LK-9218145,388,347,41
LK-9218150,332,302,30
LK-9218155,280,250,30
LK-9218160,272,247,25
LK-9218165,427,389,38
LK-9218170,924,837,87
LK-9218175,680,604,76
LK-9218180,647,561,86
LK-9218185,209,187,22
LK-9218190,454,411,43
LK-9218195,227,212,15
LK-9218200,315,286,29
LK-9218205,201,177,24
LK-9218210,416,359,57
LK-9218215,588,533,55
LK-9218220,348,319,29
LK-9218225,457,420,37
LK-9218230,462,424,38
LK-9218235,311,288,23
LK-9218240,343,296,47
LK-9218245,419,366,53
LK-9218250,570,501,69
LK-9218255,310,286,24
LK-9218260,112,104,8
LK-9218265,481,428,53
LK-9218270,520,441,79
LK-9218275,355,314,41
LK-9218280,162,141,21
LK-9218285,496,444,52
LK-9218290,455,422,33
LK-9218295,509,457,52
LK-9218300,414,386,28
LK-9218305,264,238,26
LK-9218310,527,466,61
LK-9218315,286,258,28
LK-9218320,274,242,32
LK-9218325,630,546,84
LK-9218330,230,205,25
LK-9218335,221,204,17
LK-9218340,256,227,29
LK-9218345,478,418,60
LK-9218350,321,285,36
LK-9218355,328,288,40
LK-9218360,208,181,27
LK-9218365,197,189,8
LK-9218370,296,275,21
LK-9218375,412,350,62
LK-9218380,335,294,41
LK-9218385,340,316,24
LK-9218390,405,388,17
LK-9221,18367,16606,1761
LK-9221005,458,416,42
LK-9221010,357,312,45
LK-9221015,293,253,40
LK-9221020,522,458,64
LK-9221025,336,309,27
LK-9221030,325,307,18
LK-9221035,341,307,34
LK-9221040,613,539,74
LK-9221045,310,271,39
LK-9221050,541,475,66
LK-9221055,559,496,63
LK-9221060,446,392,54
LK-9221065,508,464,44
LK-9221070,498,466,32
LK-9221075,724,696,28
LK-9221080,490,446,44
LK-9221085,553,491,62
LK-9221090,709,652,57
LK-9221095,628,585,43
LK-9221100,754,744,10
LK-9221105,313,304,9
LK-9221110,641,591,50
LK-9221115,621,558,63
LK-9221120,429,396,33
LK-9221125,391,362,29
LK-9221130,379,334,45
LK-9221135,182,155,27
LK-9221140,434,377,57
LK-9221145,328,291,37
LK-9221150,338,294,44
LK-9221155,495,449,46
LK-9221160,518,470,48
LK-9221165,1000,895,105
LK-9221170,753,664,89
LK-9221175,226,192,34
LK-9221180,314,292,22
LK-9221185,535,476,59
LK-9221190,505,427,78
LK-9224,14085,12604,1481
LK-9224005,356,312,44
LK-9224010,351,312,39
LK-9224015,229,213,16
LK-9224020,690,629,61
LK-9224025,410,369,41
LK-9224030,754,648,106
LK-9224035,378,328,50
LK-9224040,547,509,38
LK-9224045,739,693,46
LK-9224050,1082,956,126
LK-9224055,560,490,70
LK-9224060,554,490,64
LK-9224065,864,777,87
LK-9224070,529,470,59
LK-9224075,378,328,50
LK-9224080,515,419,96
LK-9224085,243,189,54
LK-9224090,516,485,31
LK-9224095,708,637,71
LK-9224100,475,424,51
LK-9224105,382,341,41
LK-9224110,379,333,46
LK-9224115,725,688,37
LK-9224120,675,651,24
LK-9224125,325,296,29
LK-9224130,410,357,53
LK-9224135,311,260,51
LK-9227,17541,15839,1702
LK-9227005,1366,1264,102
LK-9227010,660,618,42
LK-9227015,967,870,97
LK-9227020,647,589,58
LK-9227025,360,321,39
LK-9227030,773,707,66
LK-9227035,485,427,58
LK-9227040,822,756,66
LK-9227045,782,703,79
LK-9227050,564,511,53
LK-9227055,477,428,49
LK-9227060,570,530,40
LK-9227065,475,421,54
LK-9227070,344,322,22
LK-9227075,584,485,99
LK-9227080,386,337,49
LK-9227085,354,298,56
LK-9227090,435,405,30
LK-9227095,399,356,43
LK-9227100,365,322,43
LK-9227105,341,303,38
LK-9227110,305,289,16
LK-9227115,346,312,34
LK-9227120,600,515,85
LK-9227125,600,545,55
LK-9227130,500,465,35
LK-9227135,566,528,38
LK-9227140,558,517,41
LK-9227145,474,428,46
LK-9227150,497,429,68
LK-9227155,464,413,51
LK-9227160,475,425,50
LK-9230,23499,20957,2542
LK-9230005,487,427,60
LK-9230010,239,216,23
LK-9230015,393,349,44
LK-9230020,458,412,46
LK-9230025,941,816,125
LK-9230030,1253,1108,145
LK-9230035,773,674,99
LK-9230040,1057,922,135
LK-9230045,421,383,38
LK-9230050,1016,921,95
LK-9230055,259,245,14
LK-9230060,491,445,46
LK-9230065,327,295,32
LK-9230070,688,636,52
LK-9230075,519,474,45
LK-9230080,772,702,70
LK-9230085,1136,1032,104
LK-9230090,704,643,61
LK-9230095,583,533,50
LK-9230100,817,756,61
LK-9230105,515,459,56
LK-9230110,362,300,62
LK-9230115,799,695,104
LK-9230120,408,364,44
LK-9230125,396,386,10
LK-9230130,444,405,39
LK-9230135,897,810,87
LK-9230140,752,666,86
LK-9230145,323,296,27
LK-9230150,773,687,86
LK-9230155,622,561,61
LK-9230160,566,497,69
LK-9230165,484,450,34
LK-9230170,648,546,102
LK-9230175,474,408,66
LK-9230180,251,219,32
LK-9230185,501,423,78
LK-9230190,486,419,67
LK-9230195,464,377,87
LK-9233,14053,12321,1732
LK-9233005,240,214,26
LK-9233010,467,392,75
LK-9233015,532,481,51
LK-9233020,631,511,120
LK-9233025,642,554,88
LK-9233030,286,261,25
LK-9233035,724,560,164
LK-9233040,1095,983,112
LK-9233045,768,702,66
LK-9233050,555,495,60
LK-9233055,410,359,51
LK-9233060,336,311,25
LK-9233065,460,417,43
LK-9233070,437,374,63
LK-9233075,594,540,54
LK-9233080,748,654,94
LK-9233085,429,367,62
LK-9233090,672,595,77
LK-9233095,803,737,66
LK-9233100,423,396,27
LK-9233105,633,529,104
LK-9233110,300,259,41
LK-9233115,732,634,98
LK-9233120,586,507,79
LK-9233125,336,301,35
LK-9233130,214,188,26
Z-01,1243620,1096112,147508
Z-02,1299513,1155487,144026
Z-03,1181157,1049311,131846
Z-04,930202,827436,102766
Z-05,80873,70465,10408
Z-06,521760,455729,66031
Z-07,39683,33824,5859
Z-08,191229,165478,25751
Z-09,406210,353898,52312